1057 1156 82
944 10871 191
11255 6056 113
3678 3678 131
11576 11576 116
7601 5567 113
3286 1508 113
67 8447 113
7227 1528 113
2763 5191 134
5527 1552 113
13180 13180 116
4366 6237 110
5568 5671 82
7935 7935 116
13926 13926 22
14267 14267 116
2802 2802 116
12076 12076 131
10998 5122 113
2967 2967 116
4017 11113 113
8393 8393 22
6414 2555 113
13204 13204 116
9526 9526 116
11644 6949 113
11057 12360 113
10691 8709 134
13386 13386 116
2868 2868 116
11692 11692 22
11828 7303 191
9900 1478 82
4215 4215 131
3040 9132 113
3258 1865 113
6483 14183 221
4158 4158 116
9812 5481 191
2327 2327 179
5672 5672 116
9940 9940 116
12850 10964 113
1606 2049 113
11587 53 125
13869 13869 116
8336 14114 113
970 7033 134
13211 9425 134
11610 12458 82
7575 10919 179
5475 624 113
2869 12862 82
8202 5845 113
4215 4215 22
11312 11312 222
10968 3606 113
9150 9150 116
5611 7732 191
1867 12846 113
53 11587 125
13082 5908 179
10127 4534 113
3485 3485 116
13677 13677 22
1870 1870 116
3258 2060 113
4962 12862 82
2885 8574 113
6856 6856 222
7155 837 113
2011 4609 110
5259 5259 22
1105 1105 22
3973 9934 113
14183 6483 221
5778 9148 144
5263 5263 131
3535 3535 116
174 174 116
9851 9851 116
8332 13036 82
1495 1495 116
6912 7775 134
11845 4454 191
11692 11692 131
14414 5384 144
9052 1424 191
9128 13729 191
13794 1901 113
3609 3609 116
11631 11631 116
10935 9359 113
1623 1623 116
12946 353 113
2425 2425 116
1075 1075 116
7601 12741 113
11325 11325 179
13240 13240 116
5851 5851 116
9523 6587 179
9371 1163 191
11797 11797 116
488 14448 113
14222 2002 113
10187 3612 113
8363 6646 134
6748 13065 144
8947 8947 131
10512 10512 116
4627 5359 221
9458 10637 144
3060 8494 113
929 929 116
12879 4746 82
13770 3010 82
141 141 116
9748 13639 221
6748 2371 221
13849 9134 113
13614 3024 179
10058 10058 116
2371 6748 221
6646 12267 113
10257 10257 131
516 516 131
3303 11484 82
11775 10307 191
3402 1752 221
12332 12332 22
12149 12149 22
9421 5070 113
9427 147 82
4298 4655 113
9209 9209 116
1285 1285 116
4343 11424 82
4928 4928 116
13926 13926 131
4898 5295 113
31 3838 113
13180 4936 113
601 601 22
10866 10866 116
5035 2520 82
1859 13313 134
9299 230 113
11839 7403 113
1741 2690 113
13864 13864 116
8642 8642 116
8807 8807 116
1858 6878 82
462 462 131
12142 12459 82
11545 11188 113
589 589 116
11968 1819 113
12149 12149 131
6605 7042 113
1285 1003 113
905 905 116
7379 10768 113
445 4992 82
9351 10077 134
12332 12332 131
4076 4076 179
2665 2665 116
3662 3662 179
3678 3678 22
3208 3208 116
7601 12677 113
8393 8393 131
13246 9573 134
7763 6802 82
8947 8947 22
9325 9325 116
9863 9863 179
12297 4171 82
515 6646 134
7526 7526 22
1863 7340 113
5794 14450 134
886 8375 113
12118 12312 113
12445 12445 116
2231 14186 179
2100 380 113
11847 11847 116
12197 12197 116
