13444 3926 129
8910 13311 57
8910 3124 57
9741 6810 4
12683 13991 214
13827 103 215
10259 9879 81
6068 13418 183
6399 3427 57
10394 9406 215
10857 4823 57
11447 8441 0
8774 12481 218
3635 13352 190
6386 1348 97
6386 7398 97
6386 10415 97
5009 3886 129
9403 12140 153
4810 2851 214
13189 9736 97
13189 14174 97
13189 14520 97
5273 14468 4
12960 11054 153
9716 328 138
10221 7029 215
1383 7185 215
1717 5793 57
1717 3725 57
12623 9847 57
9284 10786 4
483 9803 4
19 9459 73
19 12099 73
19 2696 73
4298 12195 224
6575 3828 57
2334 11373 215
7596 10946 145
4837 13292 208
4061 8760 4
3373 2449 57
6399 12683 57
6399 14477 57
11792 11857 6
11792 14222 6
11792 4467 6
11792 8538 6
11243 10619 57
6096 3035 123
10857 6947 57
1038 4696 57
5418 3735 99
5094 4522 129
5855 8622 215
13565 225 215
2384 9696 57
1054 4681 215
5009 13672 129
1584 8397 153
8564 2670 57
7863 14233 81
1654 3593 218
4324 1204 215
8633 3203 57
2757 4289 4
12960 7035 153
7645 3256 215
3541 12951 4
12901 7969 73
12901 8190 73
14003 3097 190
9274 1380 215
11628 13129 153
1717 3282 57
12047 3926 57
12203 7007 215
6304 4727 57
4298 3746 224
4298 5741 224
8151 13220 99
2698 5280 103
12258 6037 129
8817 11713 226
3520 2584 215
7172 12776 153
9523 784 183
9523 10283 183
5666 8719 57
14497 11691 215
12818 3598 153
3360 1652 215
11792 5102 6
11792 8961 6
11792 404 6
11792 2653 6
10857 908 57
8774 13659 218
1662 12684 57
11200 11483 215
5009 2709 129
7802 13777 57
6180 11907 153
1596 4164 153
12303 969 57
13189 3706 97
12788 2256 215
11264 7571 15
13597 7985 98
12960 382 153
11215 10132 81
12901 7370 73
5788 12154 215
3628 10696 215
13012 8335 215
6827 12872 153
12623 13506 57
12091 13167 215
19 6360 73
8486 4172 215
10187 5480 224
12108 13829 215
3596 3159 57
7559 3282 166
1539 1479 215
13677 11843 215
9523 11826 183
12587 7584 129
5666 7555 57
5666 9939 57
8551 13431 4
12759 5118 129
12438 12193 98
5200 12370 98
11792 11165 6
11792 3530 6
6863 11998 135
6096 2101 123
1038 1885 57
5587 2032 226
6438 12114 215
5779 7270 215
6386 14175 97
7729 9067 57
14000 12600 57
8564 12266 57
767 6479 81
3827 2207 226
5422 4493 215
1854 4946 215
6188 2266 226
2484 7742 15
744 13505 57
744 1292 57
9131 8332 153
9131 109 153
11264 8723 15
2715 2519 129
5248 10637 4
5248 9026 4
9157 4721 103
19 6826 73
3888 8582 57
3596 11563 57
10564 8002 215
12163 3984 153
3520 3370 215
7172 11557 153
8910 5262 57
4837 11731 208
7999 8751 4
9523 6403 183
4257 4450 215
11792 13521 6
11792 4565 6
11792 12078 6
6096 284 123
1554 14530 215
1038 2050 57
1038 4313 57
1038 5430 57
14186 5652 57
6706 9067 215
3635 5007 190
9852 10229 215
173 11073 153
5779 9584 215
6386 7303 97
6386 405 97
6386 9113 97
13291 329 166
10246 5609 214
5009 10353 129
5009 9498 129
11412 5473 123
4161 8050 0
14000 11489 57
1654 12555 129
12303 13856 57
13189 12708 97
3563 12201 98
4324 1621 215
5146 11627 4
14442 4446 129
4487 3799 215
6971 5257 98
12960 14149 153
7645 9253 215
5970 5747 215
3457 5517 214
7813 542 215
7588 4647 153
3291 3401 215
11600 7710 97
4582 3969 153
2791 9983 4
1320 4113 4
7172 3774 153
5485 10192 215
8289 1346 215
4959 1479 57
10259 2976 81
12438 5075 98
12545 2179 4
11792 4401 6
11792 3167 6
3368 4392 4
1038 6617 57
6976 10291 4
14372 2162 57
1662 10966 57
12576 9183 129
5608 8183 4
7739 9640 215
13565 9864 215
888 10229 215
12754 13153 215
8893 5886 215
8893 4696 215
2001 5839 57
8564 3115 57
6587 9388 183
2044 11587 215
13189 6706 97
13189 3253 97
13189 8393 97
13189 7346 97
13189 7767 97
180 4118 4
4070 5281 208
5479 7690 166
13961 14184 226
10450 5926 4
10454 13937 153
14481 7994 4
4364 8143 4
6024 9215 153
12203 13427 215
19 6237 73
8486 893 215
4475 7888 57
2698 9556 103
2400 9021 99
8910 3740 57
4607 873 215
9077 8594 218
12759 14091 129
6443 1651 129
12173 9538 98
6785 8335 215
11792 6542 6
11792 10403 6
4375 10310 215
8781 10336 57
1038 12434 57
1038 695 57
1038 1519 57
8774 880 218
6526 1683 4
6199 11082 4
10628 4891 81
12832 4070 226
2694 5850 215
9383 493 215
5009 13712 129
6180 4750 153
7755 2566 0
13189 14072 97
13189 3500 97
13189 1283 97
13189 11205 97
13189 1881 97
2893 8782 4
9804 12326 129
2484 1665 15
12259 2586 57
1096 5429 215
9157 5280 103
1163 11618 135
5202 10805 215
11628 7128 153
10698 10597 57
12792 359 215
12623 9678 57
9567 12117 215
8457 5116 138
974 9797 215
1061 12737 215
6304 10880 57
4298 450 224
4298 13465 224
4298 11666 224
4298 12104 224
9226 9808 215
3520 11936 215
3807 7643 214
8910 1584 57
8910 755 57
8910 10609 57
8289 2424 215
7249 5879 153
9077 4914 218
3447 13944 215
6443 12144 129
5196 2791 98
8492 470 214
9439 6037 57
6863 2212 135
1441 3228 153
1038 1622 57
1038 11429 57
1038 2953 57
6199 10696 4
2984 8399 129
5779 745 215
6386 7581 97
3321 7545 129
2001 10231 57
5009 6709 129
5009 9866 129
7729 11845 57
4556 876 4
8564 12855 57
1596 14412 153
3219 11829 129
13189 8259 97
13179 8848 215
8020 4650 145
5146 13001 4
744 11510 57
12079 208 97
2757 11317 4
11264 9631 15
397 10812 138
12033 4923 215
5714 5911 129
10261 2101 214
972 4527 215
5772 2695 215
8486 5386 215
13816 13300 215
4298 7869 224
4298 2814 224
9226 1014 215
13102 1743 153
7513 11955 73
3520 11346 215
8180 2212 215
6720 3473 215
7833 8915 4
944 12500 153
13714 4283 81
3894 3401 215
2552 9061 215
6399 2830 57
11792 5130 6
11792 7890 6
11792 12044 6
11792 4261 6
11243 6571 57
10831 13271 4
10394 10538 215
6735 2822 215
14186 9093 57
5009 12158 129
2803 1765 4
9722 2521 215
9722 10666 215
12193 9754 4
9352 247 214
13189 3708 97
6485 6616 183
2184 13469 226
11193 2297 135
12079 11935 97
12079 4621 97
12079 7157 97
3277 13017 129
397 6871 138
397 3329 138
12901 13595 73
13473 6715 153
12103 3931 215
14003 6632 190
7168 5760 226
3139 1483 215
12623 7233 57
5772 11191 215
1106 11179 97
4298 10480 224
4298 5183 224
4298 2414 224
6915 4024 153
2791 13560 4
5257 2853 4
8910 4280 57
9523 6709 183
5666 7454 57
5200 11008 99
11792 3800 6
11792 7094 6
11243 6384 57
6863 9533 135
4375 1954 215
8072 2503 98
1038 1091 57
1038 6549 57
1038 5453 57
1038 10261 57
1662 1179 57
5779 12366 215
5779 7635 215
12107 9322 4
7802 4620 57
8564 13634 57
12961 11174 57
3219 7795 129
13189 94 97
13189 7044 97
2484 9634 15
13356 13249 4
1044 11835 129
8511 8040 4
7631 4328 215
1096 9379 215
10183 10817 215
12901 1121 73
5797 4823 129
5202 9871 215
14003 2667 190
2962 14517 215
1717 12621 57
12203 1561 215
12245 8117 57
12245 6269 57
12245 11093 57
8486 1845 215
4298 4835 224
4298 6682 224
4298 4932 224
4298 11246 224
14109 2626 4
2698 5252 103
10564 8135 215
10564 13771 215
6579 7195 215
8289 13014 215
1535 4810 215
13604 10726 215
6785 12139 215
6242 10476 215
11792 5377 6
9439 4878 57
2376 12750 4
1038 6328 57
6199 6330 4
12814 8731 4
2001 5341 57
1654 2197 218
1268 2186 215
3847 2822 226
1779 5151 215
9181 7855 166
3277 4059 129
11264 13433 153
13531 14345 57
5797 7464 129
14003 11726 190
14003 10275 190
12421 7095 215
4651 3370 215
2740 2168 153
6168 2752 215
5076 9743 215
2279 11317 57
12623 2343 57
12203 4707 215
11600 7538 97
6575 3115 57
5257 7898 4
10564 7487 215
1539 5166 215
1511 11897 215
2935 10285 99
8910 14259 57
4837 12478 208
12759 2922 129
13620 8073 215
7809 10676 81
6785 1890 215
3360 9691 215
11792 10058 6
11792 2141 6
2619 12115 215
5345 10944 57
1038 6723 57
7959 2771 98
1662 12713 57
1669 8373 215
6706 3695 215
647 2607 215
5368 7476 153
1756 328 218
7729 1178 57
8564 12317 57
767 6015 81
6180 12745 153
9722 8002 215
6587 4101 183
14442 8029 153
11386 4912 99
12960 11850 153
8981 2032 183
1426 6366 215
5714 10961 129
11924 2257 4
10565 13769 215
12863 6523 98
1106 11692 97
12678 13484 215
14399 14470 153
2698 642 103
2698 8911 103
6221 10795 73
11901 5064 215
11901 10755 215
7172 12964 226
13164 616 215
5666 11609 57
5666 10258 57
6443 5820 129
5200 12544 98
9275 6583 214
11792 14248 6
2011 697 4
10235 8212 215
10857 4639 57
6735 13874 215
3368 2409 4
13029 10610 215
1038 1458 57
11200 9806 215
5009 14322 129
5009 12351 129
11412 8489 123
11412 1018 123
7729 6694 57
3827 6442 226
2937 6121 215
12193 596 4
11275 10703 57
2184 6400 226
12259 5148 57
12259 3994 57
509 10803 215
744 5378 57
3096 699 214
3096 13673 214
5736 3115 226
12079 250 97
9800 11221 57
3508 8995 129
1383 11032 215
1163 10787 135
10454 7351 153
7364 460 215
5714 13418 129
13071 10726 215
87 11908 218
12623 9548 57
12203 20 215
5648 2478 4
4298 8216 224
4298 7868 224
9194 8292 214
4175 12600 215
7172 11638 153
319 3203 215
9523 9571 183
13316 10981 215
5666 7872 57
11792 6279 6
11792 3516 6
2821 6774 215
9598 8418 215
14436 6488 57
12559 13070 129
14034 4613 215
13187 7862 4
704 13301 166
5779 13045 215
5009 1405 129
8979 1837 215
3691 6411 98
9369 4339 0
13189 8217 97
2484 11699 15
8020 6610 145
14442 9333 129
14442 12117 129
1980 8247 226
14003 13632 190
6769 8114 215
11600 1822 97
13816 10948 215
4298 344 224
4298 4451 224
12258 2396 129
2097 5440 214
10847 2541 153
13946 978 4
5666 1621 57
13644 7961 215
3894 6079 215
1746 10816 214
6399 7663 57
3360 6767 215
11792 9539 6
11792 11749 6
1038 12141 57
1662 11397 57
12576 6108 129
10504 8803 215
5781 8552 4
13421 4172 215
1149 3834 123
5009 3547 129
11412 5024 123
4161 4764 0
8564 13994 57
8564 7188 57
9045 12040 215
1596 13469 226
13189 8631 97
13189 1587 97
13189 9919 97
11275 4026 57
744 578 57
4761 4505 57
4070 7880 208
11639 3519 57
12120 692 129
2638 838 208
6391 7924 215
13012 969 215
1717 3471 57
12623 6869 57
3284 10390 153
8486 1621 215
3411 4395 103
974 876 215
4298 5591 224
4298 11594 224
4298 9759 224
2698 4310 103
1671 9181 153
8910 665 57
11020 4176 226
9523 12941 183
4701 12701 215
4319 1100 215
13133 7552 153
13133 1891 153
13553 8145 224
11792 11822 6
2417 13829 215
10943 3636 215
13029 9842 215
1038 13074 57
1662 11989 57
7665 69 183
4311 10610 215
2384 8917 57
11200 8769 215
7150 13199 129
7729 12389 57
2484 10211 15
11275 2003 57
744 6754 57
12079 10383 97
13051 12326 215
11639 856 57
11264 11237 15
1986 8881 226
14003 5421 190
3139 8032 215
6959 10231 215
8287 870 166
12203 3916 215
9793 5186 57
19 11885 73
8486 698 215
8486 4521 215
4305 12994 15
1041 9980 215
4298 5993 224
6575 8884 57
10564 13367 215
10564 9059 215
12163 149 153
8289 1534 215
649 9059 215
6838 2511 215
7481 6213 166
1038 12216 57
1038 2345 57
12377 12424 98
5094 2169 129
5094 10537 129
1596 553 153
7863 13486 81
11071 11401 4
3219 2442 129
3219 8210 129
13189 7631 97
9131 9342 153
12079 7110 97
11264 14171 153
14116 4956 98
13554 1011 15
1980 8377 226
2615 1098 226
2615 1683 226
10698 156 57
7489 12706 4
12245 1062 57
13816 12425 215
10150 12405 15
7236 1087 4
3520 13632 215
8910 11354 57
3353 1911 57
2443 5778 215
7846 9633 226
1038 14494 57
1038 671 57
1038 7209 57
7665 9705 183
11823 6506 218
7679 5850 4
5781 10226 4
7150 10225 129
14000 2610 57
8564 5300 57
6587 10208 183
6851 2072 215
671 4806 214
13155 13049 4
12079 12486 97
9800 2567 57
4236 8466 215
3385 8749 215
5518 3114 215
2340 2028 99
9157 1004 103
9525 558 226
5714 950 129
3190 9984 4
13747 799 215
4298 13447 224
4298 6672 224
3520 5793 215
8910 342 57
1575 6269 57
2443 6904 215
7809 8712 81
6399 5395 57
11792 12640 6
10831 12713 4
3289 8685 129
1038 1605 57
1038 81 57
1038 5760 57
1038 1027 57
5984 14493 215
7739 2639 215
2572 3088 99
11239 2822 183
8564 9996 57
6180 14457 153
12303 128 57
4053 3918 183
9328 361 215
3219 2411 129
13189 13926 97
3500 221 215
12960 13523 153
1512 4893 4
5518 4527 215
1474 5717 98
8686 9080 215
10242 7151 4
2615 7023 226
11628 5574 153
4364 13237 4
1126 8692 215
12203 8036 215
13816 6736 215
6304 10234 57
4298 3243 224
4298 14040 224
2698 3542 103
11689 12669 215
8817 5595 226
814 13401 99
11949 3307 98
8910 8261 57
3097 1470 153
2891 4478 4
11792 9519 6
11792 5183 6
11792 11094 6
6863 8644 135
8798 8073 215
6090 9014 215
11029 5662 15
10553 7794 215
12377 7936 98
14000 2822 57
8564 7563 57
3827 4657 226
6587 11587 183
13189 1536 97
10332 13297 99
2484 13995 15
8020 9299 145
12851 6001 4
11639 14468 57
9592 9665 215
6623 3194 4
12960 11622 153
1902 12552 215
12901 11272 73
13891 4657 215
14077 5180 4
13012 11493 215
11242 6181 129
14418 10239 215
2740 6758 153
12623 6509 57
12623 10667 57
12623 7707 57
12203 11376 215
8895 3462 153
6304 11373 57
3596 328 57
6563 8720 215
2698 6065 103
2698 3047 103
7731 2861 57
3117 925 129
1539 4749 215
12165 7095 4
13444 4778 129
1535 1101 215
3726 13996 129
13316 9419 215
5666 10937 57
12545 3140 4
1261 3841 215
11792 43 6
11792 6129 6
890 5708 215
890 2027 215
1038 9183 57
11606 10980 57
5779 1360 215
7764 444 4
809 7365 138
11200 13257 215
7729 9052 57
2883 5785 215
2288 3207 57
5893 4226 215
1268 11733 215
13189 6680 97
671 4750 214
2484 5089 15
5146 4620 4
14442 10156 129
14159 8541 153
11531 8540 215
7645 8268 215
12901 8985 73
3226 6235 129
3226 14344 129
13473 12112 153
10454 6806 153
14045 4726 15
12623 3140 57
6231 12608 215
5139 7451 57
4298 12876 224
4298 5863 224
10321 12239 129
8910 8178 57
7249 13089 153
9523 2630 183
10259 4534 81
5200 12460 98
11792 10054 6
4375 13167 215
3289 7676 129
1038 4526 57
5954 10696 73
11676 3942 226
5779 7251 215
11200 2193 215
5009 309 129
1596 6583 153
1654 8233 129
9332 13262 215
13189 7739 97
13189 4320 97
14108 1646 57
875 4522 215
11639 12968 57
4858 13713 135
6371 5724 215
10526 7855 73
13531 11521 57
14357 6501 215
6897 11761 153
2490 2146 215
11179 11618 215
12155 10286 98
5005 3473 4
10698 10456 57
11242 8902 129
12623 2084 57
19 5151 73
2860 12746 215
4475 8350 57
4298 5102 224
4298 5956 224
4298 11241 224
4298 6519 224
8289 220 215
9523 4706 183
11155 11691 215
5666 11713 57
12438 1771 98
12438 9284 98
11792 678 6
11792 1606 6
11792 11214 6
10857 11439 57
3368 10159 4
1038 3052 57
6199 12208 4
5094 8144 129
3635 4937 190
2600 4029 153
5368 538 153
6929 10932 215
5779 1296 215
12814 5989 4
5009 10740 129
10954 12168 99
767 7306 81
7429 717 215
4980 12779 57
9722 155 215
3219 2777 129
2044 14440 215
13189 5779 97
13189 7605 97
11275 11845 57
11275 14479 57
14442 11158 129
9131 5574 153
8567 10354 4
1902 11351 215
1426 6468 215
1266 13910 215
5714 5061 129
87 14046 218
12286 6976 98
12623 808 57
12623 5423 57
12203 8268 215
12245 8592 57
4298 2397 224
2698 9702 103
1539 11397 215
14394 14479 129
12163 8136 153
3520 4939 215
8910 13875 57
8910 10538 57
9575 13710 4
10259 6430 81
2838 3942 183
11712 9067 129
1038 2657 57
1822 8719 215
2288 6748 57
9722 4771 215
11930 6072 183
13189 8798 97
11275 14256 57
8020 11403 145
12259 5896 57
11123 6816 0
3871 5277 215
5479 8394 166
11639 12629 57
9800 5995 57
338 8953 215
1703 493 215
10899 6883 4
804 9675 226
1717 12478 57
4298 10413 224
4298 1919 224
9167 5997 215
2698 3089 103
10465 2431 226
11901 5565 215
9523 6829 183
11243 1644 57
5345 2003 57
1038 510 57
7739 11133 215
5368 6836 153
2694 1576 215
5779 10141 215
10504 14328 215
1149 109 123
5009 13562 129
14000 4968 57
8564 1740 57
7863 11863 81
7335 8624 129
12877 14068 129
13189 4215 97
13189 12643 97
13189 3871 97
13189 645 97
744 58 57
9131 13281 153
11639 372 57
3508 9333 129
3508 12751 129
9157 13381 103
3051 708 129
7892 3848 4
12623 12252 57
8486 3116 215
4298 12015 224
13467 11602 215
12143 3509 215
2698 774 103
3117 1396 129
12617 13856 215
3520 7101 215
3520 7422 215
8910 7945 57
8289 7023 215
7249 4196 153
2443 1104 215
10577 5783 190
10259 7212 81
12925 10241 153
5666 11733 57
5666 12601 57
864 10428 98
11792 13598 6
11792 10276 6
11792 9837 6
2417 1630 215
10857 8350 57
1038 13480 57
1038 8002 57
6199 10541 4
13565 10728 215
5779 10927 215
4031 7957 166
3827 10316 226
3219 8540 129
13189 3845 97
671 8586 214
14442 13418 129
11639 4938 57
13629 4392 215
13568 13170 0
1163 8802 135
1266 9333 215
14060 10423 4
10531 6907 215
5494 130 166
8808 1230 57
3051 3565 129
3139 4532 215
13969 11564 214
5772 12174 215
12203 3016 215
4298 13198 224
4663 7111 153
2698 14427 103
2698 1635 103
2698 6417 103
1539 9705 215
8817 2186 226
3520 6506 215
8289 4218 215
4837 4042 208
9523 7221 183
9523 14234 183
9523 4070 183
11792 10065 6
11792 2742 6
11243 8639 57
6863 4417 135
6735 10851 215
6735 7009 215
1441 7967 153
10943 7079 215
3706 4749 215
1038 12795 57
1038 6826 57
1038 11317 57
1038 12621 57
1038 1352 57
1662 12519 57
8096 12779 215
323 1576 4
2185 12143 97
11823 10563 218
516 14247 215
6126 12116 4
11200 2535 215
2001 4409 57
14220 5339 215
8564 7464 57
13189 6134 97
13189 10902 97
13189 10978 97
13189 14418 97
3277 10089 129
12710 4084 214
12120 5679 129
12901 3097 73
12901 2719 73
87 8268 218
12286 8842 98
5772 563 215
12203 8654 215
4475 7005 57
4298 9146 224
4298 6703 224
4298 12352 224
2698 5017 103
1539 950 215
8910 9797 57
1771 2853 4
8289 8169 215
10577 13823 190
10118 2067 129
8551 8932 4
3088 11164 99
11792 997 6
1038 10245 57
7922 2152 99
2001 1664 57
10766 11989 215
13189 4236 97
12079 13330 97
11639 10214 57
12960 10458 153
8901 13179 97
10899 5934 4
12623 11859 57
9737 9778 99
3411 9299 103
9937 3886 166
4298 13252 224
9226 6588 215
7621 10234 215
2698 4330 103
14394 11406 129
6221 10716 73
12617 12239 215
8910 14456 57
8910 831 57
8289 5785 215
4215 2583 215
5666 5752 57
3447 13575 215
12890 161 4
4319 6539 215
12173 5648 98
11792 12063 6
11792 13360 6
11792 7915 6
8072 11008 99
1038 4501 57
5608 9479 4
5368 10673 129
6386 12901 97
9296 11225 99
3321 8600 129
1361 7040 215
11200 2 215
14174 2569 215
8564 13763 57
13189 11689 97
12079 5431 97
11639 11731 57
9834 7858 153
13568 8132 0
8426 13788 215
1980 13110 226
5714 8204 129
7813 3698 215
12623 7613 57
12623 9068 57
12623 6470 57
13821 10 218
19 1852 73
8486 4292 215
3888 3876 57
974 8465 215
3750 13882 4
3117 12872 153
7407 3308 226
7766 5397 215
3520 603 99
4344 1332 99
11901 13398 215
8910 4937 57
8910 4013 57
4215 3992 215
4837 7855 208
9523 5760 183
9088 5172 4
6399 11209 57
6177 11725 215
11792 145 6
11792 10730 6
6863 13892 135
6096 6752 123
1038 12911 57
14186 9838 57
670 5373 99
3435 12042 218
1536 695 215
5009 1523 129
11412 6273 123
2288 9847 57
1596 10726 226
9328 5300 215
12079 14034 97
8023 2519 4
11386 10429 99
397 7664 138
12901 10350 73
12901 11724 73
12901 10412 73
8311 3128 153
14003 5790 190
14003 10445 190
6463 10744 129
12245 2696 57
19 7676 73
5245 11130 226
4298 894 224
10150 6483 15
12740 14211 4
2698 4721 103
12163 10503 153
3520 13969 215
