3436 4307 141
9146 13122 152
7472 2238 65
13594 4928 67
10723 1131 205
6668 13583 45
12294 4194 232
757 11264 101
5043 13122 77
5184 8282 160
5945 11563 219
2359 291 175
4786 8854 163
4137 12024 236
7455 3340 1
9076 7406 210
1735 11403 37
9473 9504 79
3304 4307 141
8328 10037 20
6774 4298 37
3515 4131 229
9999 1741 159
10668 13122 195
14484 8854 163
6787 6008 205
367 4298 37
11691 4298 37
6041 10037 20
4859 12550 160
9896 4298 37
1515 11685 67
2660 11792 210
10159 12861 67
7027 4391 168
7675 9576 196
6953 11412 74
12023 8805 37
8597 6504 67
10704 1741 37
4164 4079 219
5983 5670 80
388 4298 37
10101 13122 77
1576 13122 61
7872 13468 178
6830 5882 80
3111 13583 45
6755 11792 210
5630 11792 210
328 488 37
2507 10619 32
13783 4795 163
13097 10037 20
14367 4494 192
1829 5882 80
1853 4990 219
13565 10319 168
5320 8854 163
14303 3734 196
7375 11927 203
4995 10037 20
5536 829 172
10407 10037 20
1811 3673 32
12083 10089 12
12171 11792 210
3534 2686 32
2611 13091 67
9468 11792 210
7832 4298 37
311 4391 168
3032 7406 210
6631 4298 37
1754 3148 1
10596 3153 223
1325 7406 210
1640 11789 173
13149 4298 37
7346 10037 20
546 11403 37
9926 4953 119
1566 1101 32
13070 11792 210
4509 11196 67
8657 9564 67
1779 1958 205
14530 4795 163
5896 4298 37
9212 10037 20
3819 7016 13
695 4298 37
12459 5762 219
4049 8854 163
4654 6186 117
3312 10655 50
1104 10037 20
12625 6423 149
7474 13111 34
7431 10037 20
7309 5882 137
13455 1331 119
1789 4298 37
12124 8854 163
1767 13122 77
11918 13315 169
9531 11000 67
3566 906 141
6141 9461 47
1098 5882 80
733 3222 175
2940 4586 67
9928 5882 30
12217 7167 67
6917 4298 37
13763 9844 37
3101 8854 163
8992 918 206
3264 8854 163
609 5882 137
9632 3968 9
11923 4298 37
6847 4004 171
5213 4298 37
228 10037 20
6334 8854 163
12475 4307 141
13459 2947 205
8559 13122 61
3108 4047 160
4194 8854 163
1565 11675 67
1496 8854 163
7495 10424 141
8945 9906 32
8346 6423 149
6410 14415 46
9361 10187 37
5005 4298 54
10649 6610 41
4841 5882 80
8300 10037 20
8767 10037 20
7254 13085 160
6584 11792 210
14302 829 172
4702 8805 37
4702 3164 67
11597 13122 152
6889 10037 20
9673 13122 77
8008 9682 47
9952 7328 27
4352 10037 20
1641 11792 210
12941 4298 37
14454 13122 61
2617 4298 37
10833 13122 77
7389 5882 80
13078 9889 1
12310 11792 210
3529 10037 20
9124 12684 219
12520 3734 196
11742 5338 219
14474 8854 163
8372 13583 45
4604 7510 86
8282 4298 159
11736 11792 210
9226 6792 50
14371 13122 77
14371 12369 149
13212 8265 50
10936 3153 223
2698 10037 20
6887 8854 163
4339 3753 50
5674 9088 132
814 4503 228
9046 3514 8
3957 4298 37
1899 7406 210
4287 8985 169
14136 2600 223
5934 4298 37
11221 11792 210
13033 8854 163
4101 2850 67
10662 10424 141
3473 11792 210
7486 8854 163
11806 9576 196
7281 13958 229
10208 8854 163
3141 1706 67
2229 1166 28
7712 5882 16
9061 4795 163
3351 10037 20
3867 8805 37
1603 7072 44
9679 11792 210
1563 6710 1
8276 8805 37
1207 11403 37
7402 7171 160
11907 4670 1
13381 906 141
8756 9844 37
12670 9844 37
6845 8854 163
6530 4307 141
14249 4586 178
10484 13122 77
650 5992 67
11744 11792 210
3375 2238 65
5615 8854 163
3020 12190 160
12254 8854 163
209 6423 149
12654 12504 80
1745 13122 61
5528 10037 20
7922 10534 79
9383 6562 195
8428 4298 37
6524 8709 67
12599 8854 163
12524 5114 175
4992 14356 77
13093 4307 141
1921 13122 61
8893 10037 20
2901 10037 20
2474 11403 37
4186 6423 149
1686 6423 149
11861 11792 210
14539 13583 26
4210 10140 232
11544 3753 50
1628 9586 196
4810 7406 210
13062 4795 163
2150 8418 229
10218 8805 37
12849 4298 37
5918 11792 210
3405 829 172
3486 4298 37
6094 11792 210
11093 13122 61
3598 6423 149
11943 11792 210
494 13122 181
2447 4795 163
8769 4298 37
8789 829 172
11616 3530 79
9789 12418 67
10168 2858 76
7520 8854 163
11771 11792 210
14344 8854 163
10231 9009 28
9936 2238 65
10127 6914 16
8928 102 141
543 3968 9
12392 829 172
12392 4307 141
8945 9576 196
10372 2342 150
5758 6008 205
1014 5828 160
144 11792 210
14507 829 172
3059 7472 28
12315 4040 149
13641 10957 46
2713 829 172
7884 4391 168
11060 2518 32
6750 9055 203
10120 732 168
7686 10534 67
6108 4298 37
12843 4795 163
3324 4795 163
11530 8854 163
13352 13122 61
1527 9257 203
11415 11529 67
2176 14375 175
10934 8854 163
1082 3401 206
4974 1750 219
10225 8113 67
746 3112 13
12235 11792 210
11271 8854 163
206 829 172
7700 11792 210
4597 11730 50
7614 10037 20
11219 7905 219
9194 8854 163
6912 9858 16
3441 10424 141
11296 5017 37
6669 11730 50
2522 5302 228
12270 4586 67
12437 10037 20
1057 9576 196
4435 10037 20
12672 9576 196
13033 11792 210
6473 6860 37
13518 9470 67
8240 4298 37
4727 4298 37
3715 4307 141
4753 10037 20
11806 13122 77
10798 13122 77
3470 11792 210
2607 4298 37
6269 11792 210
11915 6423 149
4474 6423 149
11457 13122 152
11152 12850 79
1632 13122 77
4605 9406 206
10735 4307 141
7144 6423 149
3655 4795 163
12920 3223 80
11903 12553 119
10451 8805 37
3579 5501 101
6051 9009 28
10050 11792 210
12297 921 1
14298 11792 210
650 11792 210
3704 3459 44
11845 4898 160
14006 7006 206
9750 6423 149
14424 5077 228
12154 4298 37
2378 4670 1
9151 4298 37
3030 1596 149
13451 2695 13
11898 8854 163
6358 3295 80
13968 12418 67
4681 10534 67
4497 4795 163
13308 12823 169
939 4307 141
6419 7406 210
7068 10037 20
11209 10482 169
8950 10147 229
13780 13122 77
11107 7472 28
9067 4795 163
5652 5882 30
9820 4298 3
9443 13122 77
4120 1101 32
10965 829 172
9020 11792 210
9003 6008 205
2686 4298 37
5051 3753 50
554 4040 149
7209 11792 210
3038 12125 80
10444 2238 65
5050 11792 210
9837 4307 141
6468 8854 163
3053 4795 163
7363 7406 210
8648 3340 1
12362 5497 169
11602 2515 67
1474 10534 79
11051 11459 67
6702 2484 101
5717 10037 20
6224 4298 37
3694 4298 54
5275 11413 160
657 10037 20
13697 906 141
12801 8854 163
4609 9504 79
4804 10037 20
12812 9498 32
5005 5882 137
12305 11792 210
6959 6792 50
6384 10037 20
7745 7619 28
372 1166 28
13019 8472 67
9394 6423 149
5867 7487 219
5867 9712 229
14473 2484 101
9164 10037 20
6429 4795 163
4166 10037 20
1359 10037 20
9939 11403 37
12231 2238 65
4346 906 141
9701 11792 210
7896 10037 20
12859 11792 210
13467 8379 205
979 8854 163
11809 10037 20
1881 1958 205
2627 13122 61
12854 10037 20
2201 12684 219
8761 8805 37
334 2182 79
9194 4298 37
5847 10037 20
7244 10424 141
7707 11792 210
8037 4298 37
1833 11792 210
10327 11792 210
9996 9600 28
106 5317 76
5496 11792 210
8598 2947 205
13329 13122 77
13329 12684 219
9965 9576 196
4276 10424 141
7678 10037 20
3766 4298 37
900 6423 149
2294 8445 32
11019 4298 37
13431 8854 163
2626 8854 163
9748 8854 163
4847 9512 160
6196 4298 37
4130 2238 65
3733 7049 206
2394 11792 210
7386 5405 37
13244 8854 163
7648 11792 210
487 10037 20
12478 5130 160
7206 8854 163
571 3153 223
5351 6924 228
11843 8854 163
312 6423 149
11894 8854 163
11397 4795 163
3777 11792 210
11082 10037 20
2379 11792 210
6790 11792 210
4107 1166 28
13035 8854 163
13035 11792 210
5143 4298 37
8357 2238 65
6615 13520 160
1491 4298 37
6957 3461 217
3064 13122 152
9277 6126 132
11384 10037 20
12987 4298 37
7764 5882 137
4423 13122 152
7385 10037 20
8675 11403 37
14020 2484 101
3251 6860 37
13918 10037 20
2523 10037 20
7142 10037 20
13003 10968 178
3575 8805 37
7394 10077 160
1754 6423 149
2685 10037 20
13062 11792 210
2910 4391 168
11565 13122 77
3451 929 67
3563 10037 20
13045 8854 163
1935 4795 163
6192 4579 141
10370 2947 205
12302 2947 205
8413 8854 163
10740 4298 37
13772 2238 65
12788 5705 205
4177 10037 20
3512 9844 37
6290 829 172
2068 12025 67
7545 11670 28
4875 5882 80
10312 2947 205
380 11029 101
15 7510 86
417 10037 20
8672 11532 67
2027 4298 37
12419 4732 67
2371 3461 217
5897 4586 160
9779 11264 101
2784 14359 141
4711 5834 132
12889 2238 65
9624 1750 219
3194 11792 210
14252 8854 163
2243 10059 32
7107 13122 77
13017 9009 28
6871 4795 163
3241 4298 37
10379 11792 210
2964 12739 28
9674 7406 210
2897 12024 236
12439 5114 175
8261 8854 163
6006 3817 67
11146 4795 163
2355 11792 210
12843 9844 37
10364 11792 210
7097 4975 32
3485 635 161
10029 4298 37
10846 11792 210
14009 12550 160
5901 11403 37
7389 11792 210
2533 10037 20
1656 10037 20
104 10424 141
5413 10037 20
12310 4586 8
6120 6423 149
4909 3753 50
10534 4307 141
575 11413 67
13477 8053 206
4032 11741 219
6905 8854 163
3750 4298 54
880 11792 210
13788 11792 210
4402 13122 61
6341 2779 37
13713 2238 65
10291 8854 163
5282 3459 44
2720 10037 20
8544 13122 61
7477 10037 20
5192 4298 37
5959 10037 20
10921 6423 149
13384 5998 173
4420 4298 37
10881 4795 163
6617 8854 163
2204 14438 32
8742 4795 163
6670 4795 163
11309 13122 94
6349 10037 20
5737 14391 175
12284 6423 149
5982 3734 196
4410 2947 205
4230 13122 61
2598 11792 210
8427 906 141
4026 10037 20
3836 8854 163
5028 10037 20
14166 8854 163
14021 2238 65
11561 8265 50
1718 13313 79
5753 13122 61
1141 11792 210
4155 5705 205
5303 11098 161
653 6103 28
5721 9844 37
7371 9576 196
4489 9720 67
6831 829 172
10059 8854 163
6508 7185 27
1525 8854 163
2469 4795 163
9089 6903 32
9798 6423 149
7676 9114 178
7676 11792 210
3421 9114 79
4771 10037 20
4896 4517 28
489 4307 141
6524 13865 199
3653 970 37
14088 11906 199
10472 829 172
4198 13122 77
9954 2484 101
13324 4298 37
1436 8854 163
11508 12550 160
13242 10037 20
12824 10037 20
7161 12024 236
8286 7314 232
13687 11403 37
3451 4795 163
13936 11462 160
5653 2577 37
5875 9586 196
460 11792 210
14103 1166 28
8441 10156 32
5146 10037 20
7516 3213 141
10557 5882 80
4984 13122 61
2828 1331 67
4486 3153 223
8921 4307 141
9228 4298 37
12898 10037 20
6907 4298 37
6310 6423 149
14142 2537 79
1936 829 172
4634 12024 236
1844 4298 37
12705 8854 163
13286 10871 173
3687 5537 67
13763 11792 210
6495 8472 67
4799 11792 210
7512 13122 77
3602 4298 37
596 4298 37
6045 11792 210
8442 10968 119
12531 2238 65
10739 6776 67
2100 10037 20
6335 2226 32
6335 14345 12
2594 2603 46
2033 4298 37
4194 11792 210
11109 8854 163
5547 8854 163
10546 10037 20
7521 11382 203
10303 2484 101
1668 13583 26
14381 10037 20
3205 6008 205
12112 3930 27
4577 4298 37
14228 4298 37
2752 6558 67
5169 2973 32
4409 13463 171
7304 3968 9
2538 13122 77
13917 9576 196
1516 6423 149
14479 4298 37
10981 10037 20
12408 13122 195
6868 10037 20
5807 13122 77
6659 8854 163
5575 102 141
11061 8805 37
5710 10037 20
7663 11403 37
5847 4307 141
10446 3007 28
2463 4298 37
443 1920 189
8830 5882 80
11195 4307 141
9255 10424 141
6387 4795 163
11186 8235 63
7450 6423 149
12672 13122 77
10549 3153 223
7979 11029 101
9595 9595 47
8155 9716 117
2948 10187 37
5274 13122 77
7281 13122 77
6132 1101 32
5952 8854 163
8855 9539 67
5527 10037 20
8861 3734 196
10045 6792 50
978 11403 37
978 11792 210
11797 829 172
12545 13583 26
13889 829 172
10562 8854 163
4379 11730 50
13210 6423 149
3789 9299 37
2195 6990 28
368 10037 20
2563 13122 77
4247 4811 27
12626 4795 163
1571 5882 80
12172 10655 50
2331 10037 20
8046 4603 219
8483 3753 50
4308 4307 141
10862 4298 37
14066 4391 168
3948 8854 163
7028 10037 20
1525 1741 37
13647 10037 20
4526 9009 28
11042 6708 32
8247 5882 30
1695 8854 163
13001 4795 163
2175 7048 232
516 8762 205
6121 11403 37
2232 6296 178
10932 11792 210
2396 7171 160
7192 8805 37
9593 13122 77
7858 10037 20
5761 1166 28
10113 8854 163
4777 3107 203
2395 9308 160
11726 8854 163
1640 11792 210
12137 10037 20
12422 10037 20
13138 10037 20
11506 12684 219
14320 8854 163
5197 13122 77
4013 5882 80
3891 8854 163
3819 4292 32
2933 3968 9
9193 8425 1
10202 4298 54
9883 3299 79
10544 8805 37
867 8854 163
13539 13122 124
1897 3153 223
13707 4795 163
8169 11792 210
885 5858 67
6213 4930 173
4523 11792 210
396 6103 28
14189 10534 160
10622 10037 20
4647 13122 77
527 3286 160
10436 8854 163
5035 5861 1
2371 11792 210
3925 905 76
4973 11459 178
228 11792 210
10739 8854 163
1799 13122 77
14246 6856 79
10717 6856 79
3057 2577 37
12278 5429 27
7506 10037 20
4631 10037 20
10354 7406 210
11369 13122 61
13781 2946 80
6275 6792 50
2083 3007 28
10477 10037 20
4428 5882 137
5415 4795 163
5406 10037 20
2672 906 141
11043 11792 210
2775 8805 37
564 2653 228
4235 11792 210
3080 10534 67
8156 8854 163
10355 10037 20
13089 10037 20
2176 14375 119
1264 8805 37
6707 4370 206
10858 11792 210
2979 13122 77
10288 13122 152
2730 5754 41
4604 10655 50
11697 829 172
9122 3334 199
12611 10037 20
10326 9299 37
13092 10037 20
9714 7406 210
11770 705 1
9905 829 172
12197 829 172
6614 8432 32
7904 6423 149
6661 4298 37
9548 13122 61
5175 136 117
12074 8854 163
10515 11792 210
13890 10037 20
4086 3401 206
8034 11403 37
5964 10037 20
10648 1973 86
5439 13122 77
13327 6924 67
3476 86 8
6066 4298 37
2564 2238 65
2669 11403 54
9676 5861 1
14484 8805 37
11691 11792 210
14028 10037 20
8599 13084 67
2660 4298 37
5498 10037 20
14114 2484 101
2769 13122 77
2986 2577 37
3396 2238 65
13512 10037 20
1670 10037 20
7650 8854 163
4403 11029 101
7580 13111 34
1376 12314 86
6780 8805 37
7743 12125 80
13513 85 67
2436 4298 37
10918 9841 80
3770 10037 20
13171 11792 210
8483 12180 1
2360 6423 149
9005 11403 139
5474 5882 30
1853 5765 32
12426 10534 67
7654 2238 65
6754 7406 210
12904 3968 9
3648 4307 141
13470 2484 101
526 10037 20
4317 10187 37
7869 829 172
10198 8854 163
3775 6423 149
11482 3026 219
4417 11792 210
3452 67 37
9826 10037 20
522 10187 41
4419 6405 27
4612 4298 37
9482 4185 228
6419 6860 37
8527 5882 16
2865 10037 20
14277 10037 20
10913 10037 20
11106 10274 27
3544 4795 163
13879 5882 80
13138 14152 46
4724 13122 152
588 8854 163
2608 2238 65
12280 10037 20
796 1166 28
13302 5882 80
3156 4298 37
671 6550 173
13307 5077 228
6712 2029 67
4643 4298 37
6241 9849 206
8115 2484 101
8293 8763 178
10112 3968 9
2312 2238 65
8169 8049 80
4975 8854 163
6639 6423 149
2447 12063 178
6997 2779 41
12033 1958 205
1867 10037 20
5518 13122 195
3079 4307 141
14193 4298 37
11938 5429 229
8028 4298 37
13350 14283 32
3972 4298 37
1742 9841 16
12889 3968 9
1001 3753 50
9892 13122 152
11762 1889 219
6871 8805 37
7260 3340 1
12076 12024 236
9696 12227 80
13929 4298 171
14311 6610 37
10237 6423 149
14387 8854 163
4433 4795 163
3873 5882 80
12993 5882 80
9040 11792 210
2688 4298 37
1524 4226 229
7923 10037 20
2345 4899 67
144 4795 163
13969 4298 37
3762 6423 149
6740 10037 20
6415 11792 210
2631 4298 37
6694 4298 37
13019 5882 30
11714 11792 210
5075 4298 54
12099 4586 67
10070 8854 163
10070 11792 210
6019 5174 228
13352 4298 37
6429 5882 80
3297 11403 139
1103 12684 219
13188 10037 20
592 13122 77
12231 3153 223
8699 6423 149
11979 10037 20
4052 8854 163
4336 8854 163
2199 5610 228
13226 573 79
585 5882 80
2381 7072 44
10156 4298 37
5625 11792 210
5888 10975 32
13361 6286 32
11689 10037 20
4172 4546 67
1062 11792 210
3060 4307 141
621 10037 20
13988 11792 210
9830 7421 67
8706 10037 20
9719 4307 141
1513 8854 163
5685 3461 217
2761 4307 141
5756 13122 61
13657 14454 32
13681 7314 232
10751 4795 163
6531 11481 219
2670 11412 74
2902 10037 20
9765 10037 20
8276 8854 163
2212 11792 210
2113 4298 37
7886 5429 229
14184 13538 28
3090 10424 141
13804 10037 20
11425 8805 37
12664 8854 163
8591 11403 37
1898 67 37
12297 9586 196
7794 10037 20
7221 8854 163
5763 2484 101
2486 5882 80
4374 10037 20
10610 3461 217
3640 13439 1
14107 11792 210
4734 12920 32
11224 732 168
11572 11792 210
2041 8186 28
4665 4298 3
7736 5882 80
499 10037 20
7885 14451 205
6126 5882 137
6524 11734 160
14301 6423 149
1064 1166 28
13283 13122 77
3524 4298 37
1690 13122 77
14212 8854 163
10040 8049 80
10238 9844 37
14415 10444 67
11254 12125 80
1489 13583 45
4951 11792 210
11599 8854 163
11541 4298 37
5671 498 13
1622 8854 163
4748 8239 37
3544 13122 61
5825 4307 141
1114 829 172
3771 3673 32
2839 2947 205
3840 13637 119
411 6423 149
11429 8854 163
3399 2947 205
10409 10037 20
11001 8854 163
3743 12856 205
4676 11412 74
4871 8854 163
12590 4298 159
8814 4898 67
1192 10911 206
8475 8854 163
3495 3153 223
2900 5882 137
7763 6423 149
9228 8854 163
2143 7487 219
12715 10037 20
12788 732 168
12427 4185 8
6433 10037 20
11360 829 172
1258 5147 46
8014 12028 150
8823 14359 141
13275 13122 77
12170 6296 178
3202 4298 37
6234 2238 65
4976 670 1
745 11792 210
7652 9430 79
596 8854 163
8311 2238 65
3475 10037 20
7602 4795 163
8902 11792 210
2781 11792 210
11331 5882 80
5293 10037 20
11361 3396 37
11520 8854 163
8667 10655 50
7813 10534 79
2083 11413 67
572 13122 77
11713 8186 28
4707 10534 67
13000 1166 28
927 3734 196
2142 11792 210
8319 4298 37
564 11730 50
604 8854 163
736 4298 37
6108 2577 178
14421 3171 67
5036 4298 37
14405 4898 67
14405 8854 163
644 10037 20
8538 10037 20
2707 3869 169
12762 8854 163
3615 13122 77
585 13381 37
11056 13122 77
5107 6228 229
12494 7642 160
2541 6423 149
5566 10424 141
1594 2441 160
5452 12125 80
6727 8854 163
9377 11563 219
11761 12154 219
7092 10037 20
11901 5705 205
7672 9837 150
1057 8151 1
5327 13315 169
12207 4307 141
7478 4298 54
4343 2161 27
4343 6423 149
10020 10037 20
7463 8854 163
2945 5882 137
10065 906 141
8723 1166 28
13235 11792 210
3663 10187 41
10090 10519 1
2663 13122 77
10508 10424 141
1037 2779 8
3703 6423 149
10519 10832 79
9543 9837 228
1343 10037 20
14526 2947 205
3360 5705 205
12731 10037 20
5356 4298 37
9233 12731 32
11593 6423 149
10394 732 168
5301 9576 196
8087 4298 37
9806 10187 37
11347 10037 20
2851 7779 46
1837 8854 163
7687 5186 203
12172 7510 86
5417 13122 152
3676 10037 20
2219 8854 163
5062 4298 37
6682 829 172
2360 10911 219
3568 7093 219
6301 2603 46
9713 10037 20
10147 11403 37
489 10037 20
13390 8854 163
7392 1166 28
8846 4298 37
1584 4298 37
11298 13276 27
10980 9009 28
3462 7779 46
7857 1739 46
6000 8472 79
5722 6423 149
10928 4586 160
2839 3006 205
13165 11792 210
13704 12024 236
1757 10037 20
14082 11792 210
69 11159 67
12621 7406 210
12489 5191 178
3551 10037 20
479 10037 20
6236 4298 37
314 11792 210
7079 4795 163
9553 10554 219
6620 10037 20
14044 7699 27
5172 4795 163
2432 6423 149
10214 9299 37
554 13122 77
1179 4298 37
12842 3573 229
3598 4174 206
2068 8854 163
6468 11792 210
6717 5882 80
12075 11792 210
9472 4464 37
6470 4298 37
125 2484 101
10768 2484 101
9246 11792 210
7610 11477 1
5546 5191 160
5177 4560 171
6314 10037 20
7556 7406 210
11145 13122 77
12095 2933 37
7694 4795 163
11702 581 175
13929 2238 65
831 11462 160
5741 13122 152
8881 4298 37
13807 10037 20
5332 10037 20
2126 2342 150
1900 13583 45
10396 10187 37
5335 8854 163
8997 10037 20
14084 4795 163
12799 13122 61
10390 10037 20
4520 6423 149
1359 1166 28
11619 10037 20
4848 5077 8
4778 4795 163
7272 4928 67
12719 13122 77
9391 2947 205
13809 13122 77
13792 102 141
10587 10037 20
8445 4298 37
2278 2695 13
6097 4298 37
1138 1863 178
4233 2577 54
14376 6423 149
1850 10037 20
9261 6423 149
8912 6423 149
9273 6157 175
10961 11792 210
9818 1166 28
10523 10834 79
12296 4229 67
447 10037 20
12536 9549 79
10635 13122 77
11221 8854 163
702 11792 210
13431 9556 37
3918 2238 65
4179 12125 80
12320 11792 210
13244 4298 37
7648 4298 37
3174 13122 106
1000 3153 223
127 13122 77
4328 4298 37
221 5882 80
2055 5178 160
12023 1166 28
4635 10366 16
7997 4298 37
4825 13583 45
6351 11792 210
47 9576 196
1083 4586 160
13490 4391 168
10451 8566 67
123 14397 28
5469 8854 163
341 6792 50
7117 10037 20
4247 14391 175
4458 6728 32
1775 7510 86
969 6296 178
10574 9844 37
1966 11403 37
3285 4795 163
12390 2537 79
11079 10424 141
12712 5547 206
12051 4795 163
13001 3007 28
5522 13122 77
10781 11497 12
2232 10534 67
12747 2141 76
10493 13122 77
9358 13122 152
707 1149 74
14350 11413 160
9135 6189 101
3660 11792 210
10980 11792 210
4698 2484 101
5795 3006 205
5095 2947 205
12273 13122 77
8210 8805 37
11334 7072 44
13944 3892 169
13944 8854 163
1955 10037 20
12353 4795 163
14380 7099 34
9101 13122 61
11490 5705 205
13294 13294 47
12823 10037 20
6620 4298 37
9003 13122 24
14201 11792 210
227 10037 20
5736 2238 65
5347 5643 77
33 9145 189
14227 4298 37
7282 10037 20
850 11792 210
6997 13122 77
14477 11792 210
4652 8854 163
7792 10037 20
5607 6423 149
9493 4795 163
6847 8854 163
284 10667 206
1324 6608 80
381 4307 141
13679 11792 210
10717 2653 228
9500 11792 210
14053 4795 163
1744 14359 141
7971 5882 80
6908 8854 163
9205 11792 210
1252 13122 77
13711 8854 163
562 4298 159
2045 10037 20
3139 5705 205
8807 829 172
12081 10037 20
5076 10037 20
8002 5882 80
13019 2779 178
6808 8854 163
7533 2238 65
5247 4928 67
7434 13540 32
4520 3539 219
7571 8854 163
14043 11403 139
13120 7303 1
11463 14359 141
2493 5271 32
8962 11792 210
9317 10037 20
12611 4586 76
2201 6423 149
11033 13122 152
10564 732 168
2071 8854 163
4146 11792 210
4339 13122 77
2052 5882 80
11960 4298 37
2391 13583 45
10961 4298 37
9390 4298 37
13239 14302 67
7351 705 1
9894 14359 141
6579 6924 228
10681 5769 67
11392 4370 206
9341 14397 28
2154 4298 37
1987 5882 30
9880 10037 20
6066 13122 61
11806 10037 20
7448 8805 37
4601 9576 196
6846 4586 160
14475 883 219
2699 10733 1
9322 5882 30
5632 10037 20
3619 10037 20
12700 5779 173
2550 10037 20
6998 10037 20
13815 10037 20
11593 11403 139
4811 4298 37
388 8854 163
1870 10424 141
7159 2480 228
8290 10643 67
7303 6924 228
1731 4307 141
8818 3213 141
162 13122 152
162 4307 141
3569 13122 77
10862 10037 20
1745 4298 37
8968 4298 37
611 376 13
611 6195 206
3094 10037 20
10581 13122 77
8515 3026 206
6527 4298 37
13958 1166 28
13326 10534 8
777 4795 163
6524 4298 37
13642 10037 20
9805 3153 223
6736 4795 163
11861 13122 61
6732 9470 67
210 11792 210
13688 4579 141
7555 11792 210
9633 1166 28
3427 11403 37
5765 10534 67
11934 5812 28
11272 4298 37
9840 10911 219
12102 11792 210
4318 7072 44
14320 9009 28
11775 4298 37
10947 10424 141
2516 4586 160
5158 10037 20
3819 11741 206
3684 7470 79
6918 10037 20
10370 11325 79
4826 4307 141
5239 4298 37
2896 2313 173
10952 8854 163
11386 10037 20
2421 3753 50
8714 9682 47
11790 4298 159
7122 9682 34
2925 13637 119
11594 13122 152
12966 13631 205
3837 8854 163
12170 11792 210
11074 4953 119
1189 13111 34
9766 9093 12
5272 10534 79
11902 5077 150
5271 10037 20
3643 8484 13
13842 13111 34
5861 6924 228
11860 8854 163
7980 9661 141
12774 11228 1
12774 13122 77
1354 6646 178
13768 10037 20
10555 10037 20
831 10037 20
8827 10037 20
14077 4298 54
1884 7314 232
5152 11792 210
128 11792 210
10077 10037 20
7255 5885 160
7185 11792 210
12858 13122 77
11478 8854 163
14493 10037 20
10513 9217 67
12792 6792 50
372 11792 210
8815 10037 20
4289 10534 178
12097 2523 67
12575 4583 199
8032 4795 163
14070 10037 20
13675 2238 65
4115 8854 163
11458 4307 141
336 3340 1
1495 4307 141
2047 6423 149
10687 8202 228
256 1732 175
13274 4795 163
409 5077 8
1322 13583 45
11644 3968 9
13764 12020 206
12844 1596 149
8204 4298 37
8360 8854 163
4076 7406 210
14115 3734 196
8011 7406 210
2081 12731 32
10979 10037 20
12884 8854 163
3344 3299 79
1102 3459 44
2088 8854 163
13079 11403 37
14362 11029 101
8664 13122 152
3098 4298 37
8652 8854 163
13335 3222 175
14202 4298 54
1059 12125 80
9863 9844 37
12837 10424 141
13827 4298 3
9949 11792 210
6531 8149 27
9901 1832 169
8757 1166 28
10867 5754 37
4455 8854 163
1836 10037 20
2196 829 172
6696 4307 141
6855 1166 28
8586 13045 13
9551 1567 67
13343 10037 20
1873 11792 210
495 11792 210
12920 67 37
5747 11792 210
14041 2973 32
6900 4298 37
13777 4795 163
8167 4953 119
10638 10638 47
10050 8854 163
2875 4795 163
10067 8854 163
1669 10037 20
6526 5882 137
2093 8854 163
2478 5882 30
1244 3505 32
7470 829 172
8999 4298 37
547 829 172
737 4298 37
9641 1958 205
13380 8854 163
9563 7923 32
10504 12024 236
10063 5882 80
7812 8425 173
7885 1131 205
11476 8410 28
2614 13173 27
4715 4953 119
7127 1166 28
12146 4298 37
10105 6914 80
9973 4795 163
7139 13122 77
1255 4298 37
1246 10655 50
12115 4795 163
4724 14359 141
4854 13583 26
3303 11403 139
3303 6423 149
12070 5077 228
3083 13122 77
716 10037 20
10044 1951 223
7564 8854 163
4192 11403 37
2343 1166 28
5146 9844 54
13458 11792 210
8884 3295 80
13720 9308 160
8941 13122 181
465 13583 45
3128 6423 149
6841 8854 163
1104 4298 37
2304 102 141
4070 4298 37
2580 9844 67
452 2238 65
9154 8854 163
9810 13122 77
2925 6423 149
10467 4298 37
6378 829 172
12994 11792 210
3828 3751 80
6916 11792 210
3385 12314 86
9074 6423 149
5063 14097 67
6837 4298 37
9675 10037 20
7052 2710 67
7818 3164 79
2072 350 169
9665 10037 20
309 4298 37
3322 8854 163
6392 4928 67
5284 10037 20
964 11792 210
14246 7510 86
692 8854 163
12609 8805 37
9128 5745 171
9351 9841 16
12838 13122 152
6128 10037 20
14192 7905 206
8484 8854 163
8857 8854 163
14027 6423 149
4385 11792 210
6909 10733 1
8509 727 13
8509 9306 203
5867 781 1
5318 67 37
5955 13122 77
13072 8854 163
9014 11792 210
346 6423 149
13858 13122 152
14211 10037 20
7785 2947 205
8689 11792 210
2707 5882 80
7389 10534 178
2174 5882 137
11343 6562 94
9374 9844 37
97 11792 210
2280 9743 27
14348 14175 1
12900 7510 86
4076 10037 20
5282 4298 37
6552 2933 37
2812 8805 37
9037 4795 163
2391 11792 210
9786 3340 1
14138 14124 228
752 12180 1
10133 8854 163
12074 1166 28
7351 13122 77
659 10187 37
5993 4579 141
4006 7510 86
11186 8410 28
11657 829 172
1665 8805 37
1665 8854 163
9988 2779 37
13677 10037 20
9076 11792 210
8768 4517 28
1053 2484 101
11362 4795 163
13437 6189 101
10585 4503 8
541 11792 210
8600 9009 28
7974 1750 219
6365 829 172
10663 829 172
8480 5 67
10874 13583 45
2221 13583 26
2671 9009 28
6152 10424 141
10350 4298 37
13073 11792 210
11556 8265 50
10017 6423 149
11082 12755 50
3314 4307 141
2532 4298 37
5148 1166 28
2507 10037 20
4322 12504 80
1647 10037 20
4928 10037 20
7373 8854 163
12357 6296 178
5633 2484 101
2572 13391 76
4771 6103 28
9736 12314 86
8739 8854 163
13087 12364 67
3383 3734 196
10493 1052 13
13521 13122 181
5442 14438 32
2901 4298 37
2233 535 32
9971 4298 37
11693 2484 101
3106 11792 210
12350 9978 119
9503 4298 54
8136 12178 206
9315 11792 210
3048 4298 37
6481 5429 229
2034 8854 163
460 8854 163
2328 2947 205
5384 3007 28
11663 4298 54
9890 13122 77
1425 13122 61
7322 6423 149
10571 11792 210
12100 8854 163
6918 10832 8
3128 13122 77
9898 7314 232
13286 13122 61
6099 7406 210
12756 10037 20
8672 8854 163
60 10424 141
3981 3461 217
8947 10037 20
9493 4298 37
2369 3530 8
10899 13583 26
1200 4795 163
11566 5395 219
10261 8805 37
7197 13122 77
4885 7072 44
6361 4298 37
14381 10424 141
12220 829 172
11146 13122 61
2667 4298 37
9394 13122 77
9164 7926 206
5879 6423 149
10355 8779 160
12589 8854 163
7235 6423 149
3767 9470 67
11439 4795 163
3329 11792 210
558 7406 210
14392 3153 223
3910 10037 20
14479 4298 171
746 11927 203
587 10534 160
2121 11792 210
6397 1024 229
382 3340 1
8356 11792 210
12556 7472 28
8298 10534 119
7430 5882 80
10728 4298 37
12143 2947 205
10018 4795 163
7559 1889 206
7082 2238 65
2322 11792 210
6406 11792 210
5900 4795 163
9037 2946 80
6480 11792 210
6107 1166 28
9202 6792 50
7005 3334 199
10637 8854 163
1997 12580 67
7698 6423 149
7895 6550 1
8571 10037 20
5236 6860 37
11304 3753 50
1019 8348 206
11858 13122 77
1912 10037 20
6426 4307 141
13164 4391 168
4727 8854 163
9863 8854 163
399 13122 77
3306 13111 47
8288 4298 37
3470 3164 67
3097 13122 61
3839 5882 137
11570 5882 137
13900 5882 80
10590 5527 160
14184 4044 173
12800 4298 37
268 2484 101
6676 10037 20
651 732 168
5426 5882 80
13998 1802 219
14425 10152 206
8013 829 172
7690 8805 37
4462 10037 20
891 4795 163
2151 11792 210
556 11792 210
13598 4307 141
4987 6423 149
6564 3314 67
10407 11792 210
9578 11797 67
10504 1958 205
13299 8805 37
3775 683 206
3251 11792 210
1300 4391 168
1361 10037 20
6928 4370 219
488 3968 9
10135 12024 236
3044 10187 37
1367 8854 163
12386 8854 163
1201 5705 205
14379 5302 228
4468 4298 37
7465 3340 1
9101 8235 63
13894 8854 163
4921 4298 37
6918 6860 37
12782 11792 210
4608 4298 37
7573 8854 163
6689 11792 210
557 10037 20
9154 988 160
12013 10037 20
699 11829 229
5502 13122 61
13991 13122 77
3053 6990 28
11063 11792 210
1348 2858 228
1348 5077 76
7610 1815 1
8442 3258 119
8659 13122 61
11937 10037 20
10317 4298 54
32 9113 1
2850 4307 141
7697 3968 9
1302 6423 149
11913 829 172
13556 13122 77
7881 3870 67
12858 7328 27
12326 7406 210
4725 6646 76
7616 13122 152
6810 2577 37
13236 4298 37
4057 4391 168
12315 13122 77
6807 13122 152
12668 7028 8
3725 10037 20
1944 10037 20
2349 3164 119
10706 6860 54
4171 921 1
9159 6096 74
6150 11792 210
3393 10037 20
10265 10424 141
8685 1166 28
5463 10534 8
11415 4795 163
12019 4795 163
3768 6423 149
6671 4298 37
6252 4298 37
8799 12731 32
652 7406 210
3748 10037 20
8063 3753 50
9757 13122 152
3246 13583 45
3977 5882 137
9017 2940 206
2423 13554 101
11770 9299 41
13667 4298 37
12745 13122 77
7034 4307 141
14535 13122 77
2452 13122 61
2760 13122 61
8742 5882 80
1156 2160 1
10248 10037 20
5327 11792 210
13717 2029 67
9988 4795 163
9409 8805 37
9409 11792 210
8437 11403 37
13441 10187 37
1406 3734 196
7574 11792 210
5346 10037 20
5028 6423 149
4726 8854 163
12320 7406 210
8432 4298 37
1379 4586 160
7937 4586 8
3892 8805 8
8586 10037 20
398 9470 160
1128 6423 149
7872 11403 37
8418 4390 173
11835 11670 28
4396 8854 163
7491 14203 189
5148 11792 210
9868 7081 203
3829 11412 74
10997 11792 210
110 709 178
11421 10037 20
9697 9114 67
5640 1706 67
6369 10037 20
4160 4795 163
3908 6089 32
10147 8805 37
774 3153 223
8233 11462 160
3453 8854 163
7930 4298 37
7796 10037 20
950 8854 163
13291 376 13
2049 6189 101
1752 8854 163
10792 8854 163
5442 13122 77
2815 8854 163
9973 11792 210
7517 11792 210
10402 10037 20
1436 13122 61
4217 6423 149
251 13583 45
7857 2400 1
13878 12515 169
4962 6423 149
11135 1362 1
3479 11792 210
11564 8879 206
1347 11792 210
4188 13122 61
10885 11412 74
1013 10068 79
6315 8854 163
9699 11734 160
816 10037 20
2061 8854 163
8455 10037 20
12016 14530 229
12535 1596 149
3933 4298 37
3798 11792 210
7074 13122 152
9864 7072 44
11918 4298 37
10076 10037 20
2925 376 13
6997 3734 196
3787 14397 28
9789 10587 217
6583 13338 229
11757 6142 117
6819 4307 141
9 13583 45
8736 8854 163
9624 13122 77
6496 4298 37
4588 10037 20
13929 4298 37
4816 12731 32
10978 2947 205
3826 11792 210
10998 3968 9
13419 12125 80
6410 10534 119
7263 10037 20
8514 8053 219
8244 10037 20
6361 8049 80
4841 1166 28
5679 2238 65
5416 829 172
1892 11792 210
8857 5632 67
12843 5670 80
5263 3006 205
10833 6423 149
7317 10037 20
6645 5944 28
10225 7124 28
12998 4298 37
6129 3213 141
5703 10037 20
10164 5395 219
11370 8854 163
5481 11462 79
5575 11403 227
2463 11792 210
14094 10037 20
12804 11233 27
5655 3968 9
7909 11792 210
11507 13122 61
5815 2484 101
4344 10534 79
8787 10037 20
12483 7406 210
730 11792 210
2665 829 172
3629 10037 20
9996 8854 163
5939 10519 1
13890 6319 1
5074 2226 32
3022 3022 47
3915 4298 37
5184 8854 163
10707 11792 210
11359 10037 20
8289 7510 86
8089 4298 159
13681 6423 149
7592 5848 32
7401 6142 117
9053 4307 141
10090 9576 196
8855 10037 20
11821 4298 37
36 10037 20
2682 10037 20
12940 4307 141
544 829 172
9290 4298 37
666 13122 61
13248 8854 163
8813 4579 141
7479 10534 67
2941 3753 50
5303 14359 141
7494 8854 163
1998 10534 160
3730 4307 141
12297 12733 229
7221 9844 37
12733 4583 199
12706 8854 163
14006 3673 32
6440 12519 229
5956 829 172
1244 6423 149
12712 13122 77
9713 14356 195
13882 11792 210
1491 8854 163
8734 4795 163
11130 9564 67
675 7867 46
3940 13583 45
11737 13122 77
7764 11403 54
10222 4298 37
10720 11403 139
14301 6237 206
3878 10037 20
1246 11730 50
9430 5408 161
923 4298 37
13903 2933 37
13903 6096 74
6687 8622 27
10580 2238 65
4422 13583 45
6610 3153 223
4100 4928 67
7004 10037 20
11668 10037 20
9083 10037 20
6511 11403 139
8084 13122 61
3565 11413 67
9457 4298 67
10353 6336 160
111 10037 20
12068 3164 79
7141 11477 1
7841 829 172
9189 10424 141
7209 5882 80
12949 11785 223
5347 2303 232
451 11178 117
5167 3164 8
4640 829 172
10729 4795 163
10175 13122 77
10175 10037 20
876 5882 80
14029 12418 67
3385 5705 205
7446 6423 149
1463 4216 67
10575 10059 32
2638 10037 20
12295 5242 27
10926 14391 175
4284 13122 152
5607 11403 139
7543 7926 206
10423 3244 199
5300 9844 37
11051 4795 163
1388 13122 152
1352 11792 210
10038 10037 20
9288 12180 1
2748 4298 37
3646 8854 163
6044 829 172
3873 7406 210
4054 2238 65
1384 8410 28
918 8854 163
3190 13583 26
6004 13122 61
6415 8805 37
8223 4298 37
6584 3244 199
10390 2293 1
3080 5882 80
1978 4298 37
1139 8070 141
360 10037 20
13935 11792 210
10364 4298 37
2063 10424 141
9427 3734 196
3144 9526 160
1264 8854 163
2449 9351 37
11336 2238 65
4521 8854 163
10187 2238 65
11122 11792 210
12418 829 172
11736 8854 163
444 11792 210
13159 10534 67
10446 11413 67
3320 10338 217
5257 5882 137
9235 4298 37
12804 6423 149
5655 2238 65
5282 2214 80
4862 14530 229
12750 4298 37
9158 12897 8
6815 1166 28
203 5834 132
9255 829 172
2088 13381 37
2482 11631 67
13323 12395 32
2064 10037 20
4276 13122 181
11225 10037 20
12116 4928 67
6269 3299 67
9241 13122 152
11092 4953 119
2260 8854 163
1236 3352 173
8335 13122 61
13818 6423 149
6420 1815 1
4155 732 168
11560 8432 32
7037 4579 141
705 12314 86
11269 6423 149
12249 13439 1
4458 3734 196
6969 7406 210
11865 6423 149
6895 6389 160
12491 4795 163
4448 13122 152
5080 8555 32
1853 10733 1
704 1889 219
1549 4298 37
3940 2710 160
13451 1720 229
1356 8854 163
12826 6423 149
8779 829 172
526 7787 79
12958 6423 149
14088 7406 210
9253 4298 37
10954 6924 228
5649 4579 141
2193 11792 210
7134 6423 149
1878 8410 28
11786 8854 163
13903 7662 80
12150 10037 20
5750 10037 20
13254 11534 37
6481 6423 149
13710 3286 67
10852 5077 228
3708 12024 236
4468 11792 210
11131 102 141
624 4305 101
12069 10037 20
3844 829 172
12228 6170 34
8413 12275 178
1399 3575 32
9357 11403 37
7449 11792 210
9630 8432 32
13048 9714 32
6874 829 172
6719 4298 37
10967 14039 206
11063 8854 163
8443 11792 210
8802 2031 160
91 3753 50
5518 8310 205
9788 5705 205
9788 6856 79
11939 10037 20
13193 8854 163
1163 10037 20
1352 5882 80
6083 9494 67
6042 10037 20
13409 4298 37
3450 4298 37
13979 7049 206
6672 829 172
4190 732 168
5547 11792 210
1058 9113 1
13012 10534 79
12812 10680 219
5499 9264 169
676 10037 20
7065 1596 149
8366 1750 219
6740 4298 54
3942 4586 8
1728 8854 163
2537 6924 150
11714 5698 67
9060 14531 32
6429 2946 80
5463 10037 20
11340 4370 219
9637 7406 210
2538 9576 196
10833 13014 219
12243 7093 206
14243 4307 141
12108 6008 205
11521 11403 37
10632 1166 28
9957 8941 228
6352 8854 163
4744 4546 67
8219 3753 50
8245 13538 28
12261 10037 20
8360 3076 178
11321 9600 28
9248 3153 223
4851 11792 210
6187 11792 210
5052 8854 163
898 2238 65
4275 10037 20
9744 10037 20
118 3734 196
13065 10037 20
9473 3164 79
14200 5302 228
7222 4298 37
6322 14359 141
8880 10424 141
8711 6423 149
3867 5882 80
14412 12549 13
12256 9646 67
9712 10037 20
731 10187 41
1358 4298 37
10663 13122 152
2735 5813 67
5448 12024 236
6020 11214 178
7250 4307 141
4294 354 206
7016 11462 160
10568 4298 37
2374 4795 163
13659 4298 37
8129 8314 1
7400 14477 203
7182 5882 137
2532 6103 28
12677 2484 101
11658 9151 206
491 5123 132
6564 10037 20
6957 8049 80
12401 829 172
14512 7522 32
7622 4370 219
7793 9838 203
13299 6746 169
6072 8854 163
11686 6856 79
6434 4795 163
13642 4298 37
6966 11792 210
3878 13122 77
14521 2484 101
1622 4298 37
7844 8805 37
1423 4579 141
9179 4298 37
10218 10037 20
12912 5882 80
14117 67 37
3547 11792 210
13297 6924 228
10530 14197 32
7874 4298 159
14499 5077 228
11740 4298 37
11641 5302 228
3862 13122 152
1687 822 12
11918 8854 163
5065 4307 141
10003 6423 149
9687 6389 67
6604 13240 67
4351 5705 205
9677 11792 210
5035 6423 149
2075 10037 20
14416 6423 149
11566 9113 1
14076 9682 47
3628 12024 236
831 4298 37
6379 13122 77
12044 10037 20
3564 9009 28
6725 11341 37
3542 3968 9
12993 11792 210
10755 5882 80
8667 7510 86
5499 4298 37
13595 4298 37
1392 9586 196
2849 4298 37
8005 11792 210
7507 7749 32
13217 6423 149
4502 4307 141
2479 8854 163
5877 4298 37
2355 5882 80
14476 5705 205
13935 8854 163
911 10037 20
13088 10037 20
7542 10037 20
12091 12024 236
7785 10037 20
9458 4795 163
7572 13122 77
584 829 172
9701 6610 37
5571 9114 67
8540 8854 163
4298 14359 141
5288 7510 86
12481 10037 20
5440 6423 149
1416 10037 20
9640 11792 210
5107 13122 77
5517 1525 32
10331 4928 67
13788 11059 173
7432 10187 37
8360 7472 28
34 13847 219
3171 829 172
9377 3159 219
11991 4298 37
6636 6405 229
1997 2790 160
2861 4298 37
6859 10037 20
5105 14397 28
5485 10037 20
12109 10037 20
8240 13122 61
5265 8453 169
9949 13122 61
7632 8854 163
6748 4795 163
11765 13122 77
944 11792 210
7448 8854 163
8768 4298 37
8117 8410 28
10002 7510 86
5906 6518 1
2699 5338 219
13644 12024 236
7894 13122 77
13101 8854 163
2735 4795 163
3856 10554 219
10541 4298 37
3275 8854 163
7206 7619 28
8030 1920 189
6953 8854 163
12425 4298 37
232 8231 67
9459 4298 37
11310 4298 37
8747 6423 149
6863 10037 20
4377 7876 206
9846 1031 8
7810 4298 37
6731 13122 77
8087 11792 210
13050 12125 80
9436 13122 77
3897 4298 37
9365 11792 210
2273 1166 28
2215 12914 219
6921 4307 141
3020 8854 163
9839 10037 20
9502 13122 77
8042 11792 210
13575 11792 210
6896 8854 163
13521 10037 20
7192 8854 163
9593 3753 50
8102 8854 163
8969 12601 229
2474 8854 163
12386 4298 37
11106 3734 196
6935 4795 163
13062 8267 8
8602 10037 20
7709 4586 160
11283 10037 20
4114 11403 37
14511 5705 205
185 3258 67
10409 4298 159
7848 13554 101
3684 9837 228
8729 10037 20
2651 13122 77
7141 13122 77
1104 7406 210
13707 13122 61
13167 4298 37
11306 10037 20
12815 3295 80
10726 4298 37
6674 10037 20
4296 8854 163
8713 10037 20
8802 10037 20
9032 829 172
3498 8854 163
908 9009 28
14390 11481 206
9919 10534 79
7652 12314 86
2502 7586 161
12333 12550 160
5430 13122 61
12615 10534 76
3643 10975 32
14204 906 141
6871 3461 217
8928 2238 65
9351 7339 16
2330 10037 20
4695 2947 205
1565 13122 61
10745 1652 203
2829 8854 163
11472 13122 61
7795 10037 20
8346 14534 206
9370 6860 37
9518 2484 101
2237 2484 101
3858 8854 163
11660 829 172
11043 4298 37
5730 10534 67
4968 13122 61
2858 10037 20
13112 11792 210
10448 7510 86
9587 13122 152
6989 9299 159
1543 10037 20
2979 3673 32
6502 6423 149
5164 10037 20
10177 10037 20
13359 8862 219
11493 11792 210
11499 787 175
8862 8854 163
9957 2947 205
3748 3006 205
4790 3750 217
6659 4298 37
2620 5882 30
5515 829 172
8915 8854 163
12239 4650 37
2278 6423 149
4187 8854 163
10564 4298 3
14242 6318 27
13058 8854 163
3520 6008 205
5535 4298 37
5884 10037 20
4140 8854 163
12910 8854 163
3492 11792 210
6616 11792 210
12736 8854 163
6670 6914 80
1273 11792 210
9965 10037 20
5982 13122 77
8470 10554 206
2695 4298 37
2 12717 67
4718 7406 210
12223 14222 79
118 13122 77
9076 8805 37
9880 14450 79
9901 1031 8
3461 10037 20
3470 10037 20
9418 1473 67
12256 1166 28
1721 11792 210
1207 7406 210
401 10037 20
4277 8854 163
3358 8341 32
1267 13794 67
18 906 141
5252 2946 16
10394 4391 168
11447 8854 163
7768 11792 210
7423 3258 67
1998 8854 163
8778 4307 141
1926 9922 229
12297 10037 20
10196 11792 210
5630 8567 132
13069 8854 163
2082 10037 20
8707 10037 20
969 4298 37
1975 1166 28
4656 6423 149
10573 2947 205
12306 12180 1
1377 6792 50
13487 4795 163
7945 11792 210
5389 5389 227
6926 8805 37
11895 10247 1
9277 10187 37
5522 6423 149
6331 2238 65
2175 13122 77
11957 906 141
2067 11792 210
3588 10037 20
6358 5670 80
607 8854 163
4210 10037 20
79 10187 54
11584 4953 119
3168 9895 13
9369 12550 160
9926 9978 119
728 421 178
3089 3153 223
12037 4795 163
1757 5861 1
6603 11792 210
8884 10037 20
8867 3304 8
11459 10037 20
5110 4795 163
11641 10655 50
7960 8432 32
10760 12549 13
943 8854 163
8401 14397 28
12013 11792 210
7273 11792 210
4652 7529 67
3517 10554 206
1867 14359 141
9478 5882 16
5243 4298 37
12772 727 13
6982 7406 210
9472 11792 210
10251 9841 80
8992 13004 203
11938 10133 12
13872 11792 210
9705 11792 210
9624 8484 13
3581 4298 37
1332 10037 20
13438 4298 37
12241 11792 210
12318 11792 210
7200 3157 1
11395 829 172
9279 11403 37
4254 5834 132
6923 468 37
1568 8854 163
11811 4298 37
2079 4298 37
11509 4898 67
5596 4298 37
7254 8854 163
10946 3153 223
5748 5882 30
3810 8854 163
10694 3223 16
12203 10037 20
10390 1750 219
6212 4583 199
4849 6423 149
7990 2686 32
9090 13122 77
14131 6550 1
6499 13122 152
11415 4298 37
4870 4307 141
11831 10037 20
2617 5882 80
5901 1327 173
12517 7328 27
8656 6423 149
10358 8854 163
11866 10037 20
1457 3520 173
9688 6860 37
1629 11792 210
11697 10037 20
12737 4298 37
12382 8310 205
5475 3968 9
8314 4716 76
444 5882 80
5319 4298 37
1035 11792 210
8440 3970 46
12844 10048 206
13897 7406 210
9546 11792 210
10533 10071 169
13695 13122 77
3371 2719 169
8338 6423 149
9080 8854 163
9432 4579 141
6154 11792 210
12500 13122 77
7011 11730 50
9799 11792 210
5756 12550 67
4086 13122 77
7450 7337 206
12349 2577 37
5733 1897 37
13335 11006 32
9727 10037 20
1663 7171 160
6196 8854 163
6558 4307 141
5727 10037 20
2194 829 172
8196 4298 37
3275 10037 20
6941 8805 37
14297 10037 20
10126 13111 47
11142 6423 149
13028 13554 101
5130 13122 152
1372 8854 163
7047 4298 37
12130 8854 163
123 8805 37
6216 2947 205
6942 4298 37
1681 4298 37
11116 8854 163
8013 14359 141
12688 4928 67
5883 13478 32
3855 10037 20
172 4795 163
9151 5882 80
14529 13583 26
8275 4298 37
9563 14320 12
3404 11792 210
5536 4307 141
6786 8854 163
5902 4579 141
12444 5882 137
4681 4298 37
9319 2484 101
4794 10037 20
3199 12024 236
4822 2691 228
8447 2484 101
8643 10037 20
5848 4298 37
11508 8854 163
10588 2947 205
11506 943 232
2527 13554 101
11564 844 1
9332 6856 79
796 11412 74
6259 5405 37
11884 10655 50
11429 4586 160
9193 3157 1
836 4298 37
13733 13122 61
3016 8854 163
13539 13091 76
12136 11792 210
2189 10037 20
13941 4391 168
275 13037 160
13728 6423 149
6433 2238 65
7719 11168 67
7891 3153 223
9648 13122 152
1098 11792 210
12591 6423 149
11659 7406 210
12807 4298 37
4427 13122 152
11679 4795 163
11629 4298 37
2263 8854 163
9975 3401 206
12689 6423 149
13190 8805 37
14517 8805 37
13929 8312 28
14311 7821 37
1186 10534 67
4768 10666 32
4254 6558 67
9351 6796 16
2588 11403 37
12652 3968 9
10157 4586 160
5072 4298 37
9054 10037 20
7185 4928 67
1392 6423 149
3858 12850 67
10627 4298 37
8826 11792 210
2389 13637 119
11501 11403 139
5318 11792 210
11530 6519 178
6546 3007 28
14131 10141 32
8685 2779 37
6499 10037 20
8251 6921 228
13415 8793 1
14454 10037 20
5987 8854 163
12991 13122 77
4341 7472 28
10288 4307 141
3681 4298 37
9908 14213 229
1224 416 67
296 4586 67
7422 4298 37
10153 10037 20
5735 11755 117
5475 2238 65
13199 4795 163
4883 12024 236
6614 13820 46
2264 5882 80
12129 1178 229
13695 6423 149
3344 10037 20
2227 11412 74
1177 11792 210
8555 6726 160
730 7406 210
436 6423 149
77 11792 210
447 5887 8
10421 8854 163
4083 4307 141
8652 13122 61
13169 2779 37
5617 10037 20
1125 4795 163
118 13218 1
4101 4795 163
2138 8854 163
2500 13122 77
11289 829 172
3733 13122 77
3663 11486 77
3909 4298 37
9215 6237 206
2394 4298 37
4016 11792 210
8613 1249 169
8067 11792 210
10747 1294 160
7618 13122 77
7167 829 172
7532 4490 27
4394 8854 163
12271 8854 163
653 8049 80
1644 10037 20
14160 4298 37
2844 9549 67
1887 2484 101
8473 12684 219
10134 10573 173
1168 131 219
2478 8854 163
3030 13122 77
11833 829 172
2372 8854 163
12434 8854 163
10493 11313 13
3524 8854 163
7421 10424 141
8724 4928 67
3526 8854 163
14174 10037 20
10766 3006 205
9973 10968 178
4161 8854 163
12633 10141 32
13324 6103 28
1339 7517 232
12405 13122 61
13837 4298 37
8839 6423 149
12376 5882 80
10588 3006 205
14304 10037 20
924 6103 28
9926 6423 149
7370 4298 37
8950 13144 219
8950 6423 149
2599 6423 149
1110 10534 67
7721 13122 61
11236 10037 20
12198 7245 67
5595 4795 163
12132 5545 79
13285 8854 163
13615 13122 77
9003 10037 20
7874 829 172
7431 5882 80
2846 10037 20
8040 8854 163
13125 10534 67
6734 8854 163
13831 2238 65
12950 11412 74
9323 12755 50
2940 4298 37
4206 6170 34
6561 13122 77
2968 10045 173
14151 1706 67
10239 11000 67
3264 7406 210
9900 13122 77
1301 13004 203
5272 5705 205
4766 4298 37
10423 4928 67
7556 10037 20
8686 10037 20
7162 10037 20
1354 7406 210
10215 13122 77
8438 7406 210
11735 6319 1
3496 4579 141
5421 4298 37
2692 8805 37
1333 10037 20
9485 11792 210
6584 12063 178
2355 8854 163
7097 2940 206
12732 11029 101
9343 6924 228
11724 9009 28
8486 6008 205
3992 10037 20
9906 10037 20
7807 6708 32
14172 5992 160
12865 3164 8
7398 10655 50
3910 732 168
8178 4298 37
12696 4298 54
5440 12684 219
11719 13122 152
12900 12314 86
7707 8854 163
9870 12731 32
10485 11792 210
6784 8805 37
6733 10037 20
7005 11792 210
10515 8854 163
8017 10037 20
12736 4298 37
8582 8854 163
2654 6423 149
11186 13122 61
8910 2238 65
8744 4795 163
4429 10187 171
13518 4298 37
7023 1166 28
3805 13122 77
5467 9844 159
6313 10534 79
2271 6423 149
3473 4928 67
4045 8854 163
11354 11792 210
10668 13122 94
13340 10037 20
3174 5882 16
5924 1101 32
14245 11792 210
8248 8854 163
8134 4298 37
14321 8805 37
6925 4795 163
9557 8854 163
8167 6423 149
3343 13122 77
10451 13583 45
10553 6008 205
7117 11462 160
8568 10579 32
9321 5882 80
3704 13122 61
12172 11730 50
1669 12627 228
8290 4298 37
10918 8854 163
13856 4795 163
12022 13122 152
8977 4298 37
9610 4298 54
5522 8793 1
2732 4298 37
8042 3314 67
8739 2946 80
9127 11792 210
8594 3459 44
6709 213 28
6621 13122 152
1241 8805 37
2233 13122 77
11626 9682 47
5091 8854 163
7643 13122 77
11075 3567 32
6403 9009 28
14379 10655 50
3550 1331 160
10456 4650 37
4034 8854 163
13908 13122 152
1803 383 37
9791 13122 77
2606 10037 20
1931 11792 210
10049 13122 77
3495 2238 65
1800 5271 32
11341 3153 223
7763 13504 219
1206 10187 37
8293 8854 163
7431 3461 217
13950 2710 8
3598 13122 77
8383 5882 80
3164 102 141
8401 8805 37
8665 5882 137
8581 8854 163
6997 6423 149
5965 8425 1
10967 14039 219
91 13122 77
10925 10037 20
6402 7876 206
12362 8805 37
12734 11792 210
3709 829 172
9796 11403 37
14246 9549 79
10816 6423 149
6798 2940 206
1616 4298 37
7200 13122 77
5834 13583 26
657 213 28
11265 1468 67
9129 2933 37
3899 7328 27
6128 1958 205
1524 10975 32
13595 3817 67
10711 3968 9
3286 6924 150
3532 829 172
12503 9841 80
9014 7619 28
9343 10037 20
5180 13122 61
14454 8854 163
10449 2946 16
7264 12773 13
12235 4298 37
13306 4586 160
12293 8854 163
14095 8854 163
2381 8805 37
3320 4795 163
5503 13598 8
5809 14359 141
12436 11792 210
9248 2238 65
3964 8854 163
10039 4298 37
7087 1596 149
10961 8854 163
10053 5803 169
6636 13122 77
149 10542 27
10635 10037 20
9209 829 172
4224 8854 163
5762 8854 163
7774 7814 32
2531 4298 37
7110 6008 205
3473 1166 28
11806 12106 1
2778 2161 229
3662 9348 79
2267 10444 37
276 11238 32
1448 8854 163
5521 4269 206
5974 10037 20
2797 9009 28
11436 11423 67
14321 3164 8
10548 4395 37
2055 8854 163
13210 13122 77
1486 4298 37
12802 10037 20
5214 10037 20
12872 4370 219
14072 6733 79
146 8854 163
455 6860 37
4673 8341 32
1801 2947 205
2378 6423 149
12206 4298 37
13478 8854 163
5474 4298 37
5143 8854 163
13320 6423 149
1642 10037 20
11895 2068 32
6527 9299 37
4399 6423 149
5709 10037 20
10932 4298 37
2396 11792 210
12913 7472 28
3618 1429 67
13968 11792 210
5015 6423 149
4417 2846 67
2177 10037 20
12978 6423 149
8527 2238 65
5751 4795 163
11489 4298 37
8760 8854 163
2777 11792 210
11731 4298 37
3736 10037 20
6877 11403 54
9964 11792 210
14469 9584 32
10435 678 8
9101 11792 210
12198 11792 210
7701 10804 79
1326 9461 47
3879 4586 160
1425 1166 28
695 8854 163
11406 4291 67
13720 8854 163
4049 11792 210
314 12438 173
8908 11730 50
11320 2484 101
5289 4307 141
7891 2238 65
3794 6536 13
4196 13122 77
13469 13538 28
9148 5882 80
6402 13122 77
13726 3968 9
1544 13122 106
12222 7487 219
13350 5980 13
2275 8854 163
8558 8854 163
2057 8854 163
3194 4586 67
12152 8854 163
14246 4503 79
5198 12731 32
7260 12097 219
13768 5475 159
2961 7099 34
4874 9682 47
2975 4298 54
2649 10127 37
13419 3007 28
5790 10037 20
12561 253 117
1812 9600 28
5281 13122 61
12812 6423 149
425 13122 77
7466 10037 20
11464 11792 210
3881 13637 119
13250 8472 160
7254 4298 37
14439 3968 9
3543 13122 77
12773 8854 163
35 8854 163
35 11792 210
1264 10037 20
9637 11792 210
7259 6423 149
5987 4298 37
3035 6423 149
10358 11792 210
2406 5907 32
9935 7058 203
6645 3530 178
10551 4603 219
256 1445 27
4780 10037 20
4604 6856 76
7621 12024 236
5847 13122 152
2059 12217 206
13440 5882 137
5976 829 172
4233 4298 54
7669 1166 28
11057 2238 65
532 4370 219
10661 8854 163
5544 11792 210
42 8854 163
9799 8854 163
13023 829 172
4860 4609 1
5246 10037 20
6823 2039 223
10271 1495 67
3823 10037 20
6579 10037 20
2130 4307 141
2144 6423 149
11407 8854 163
792 8854 163
7742 11534 37
3774 6550 1
5600 13122 152
8489 6423 149
12939 9706 67
3607 8805 37
7822 4298 37
5859 829 172
6317 1889 206
2671 7406 210
4267 1166 28
7047 4586 160
1136 1750 219
6994 13122 77
7176 10037 20
882 3007 28
14058 8854 163
3897 7406 210
12808 7171 160
11269 13122 77
2510 4298 37
4728 12717 67
6381 9844 37
4322 9600 28
11754 10115 117
12712 376 13
6297 13122 77
13793 8348 219
7171 14359 141
9502 6423 149
7679 4298 54
553 6423 149
1119 11792 210
2655 4298 54
2664 8425 173
369 11403 227
3410 8854 163
4916 13122 61
7825 3968 9
1325 1166 28
7748 13122 77
7042 13554 101
1195 11312 8
4244 8854 163
13461 3157 1
7415 4298 37
8411 6860 37
13179 6008 205
6901 6423 149
7689 12904 37
4313 13583 45
11096 13111 34
10965 4307 141
9501 9844 37
3110 5810 161
2007 3968 9
12782 5834 132
7562 253 117
1547 10037 20
10314 5705 205
552 11792 210
10889 10037 20
3914 10037 20
1519 9009 28
10803 4298 37
945 13122 61
1270 7177 228
3687 5321 169
1608 8235 63
13140 13122 77
6561 8449 46
8414 13583 45
6326 8805 37
13981 6300 32
5696 7663 232
4711 4298 37
284 7487 206
7108 10037 20
964 11000 67
2567 5882 30
7830 4298 37
1744 10037 20
11265 3817 178
4966 10424 141
8876 12024 236
3661 11792 210
11374 4795 163
10141 8854 163
9041 4298 37
6350 3461 217
10085 10910 189
13560 1166 28
5764 5882 137
2989 4307 141
3767 8854 163
3329 8854 163
9955 10037 20
2833 3157 1
11866 4298 37
11493 4795 163
746 13122 77
25 10037 20
12235 10037 20
665 11792 210
8327 5944 28
5891 10037 20
4790 11792 210
2620 8805 37
11219 9576 196
8526 4298 37
3799 579 160
3092 1958 205
440 11403 139
748 4540 219
8360 2344 171
6652 8854 163
6745 6423 149
7051 13538 28
11557 8053 219
6733 906 141
3825 4298 54
2654 3753 50
13835 8854 163
9062 4298 37
5945 6423 149
4199 1706 8
5926 8854 163
8177 11792 210
6711 8432 32
1992 10037 20
3682 829 172
3473 4298 37
1016 10037 20
2341 8049 80
1043 829 172
14533 4307 141
10940 12811 67
13784 8348 206
7974 6423 149
9230 8854 163
3670 6423 149
4982 5338 219
3892 10037 20
5700 11792 210
8489 9883 1
8489 5907 32
7453 2480 67
11603 11792 210
12597 9682 47
4370 13583 45
5147 11792 210
1136 13122 77
632 4298 37
11232 10037 20
13050 3007 28
6830 5944 28
11007 2947 205
566 7336 141
9596 5882 30
7690 2719 169
1964 6423 149
6100 4795 163
14107 4298 37
12252 8854 163
13292 8854 163
13753 11792 210
907 13122 77
6929 12024 236
10063 12709 67
317 11792 210
3369 8854 163
6891 13122 77
5500 13122 77
13166 5882 80
1648 11792 210
79 4298 54
14179 3164 8
5465 2779 159
4100 10037 20
11596 11792 210
5460 10424 141
12102 4298 37
13936 8854 163
11295 2004 32
11788 11670 28
11334 8854 163
13780 10037 20
6315 11792 210
11663 13583 26
10742 722 175
6007 8907 67
4855 8793 1
554 6423 149
13728 11550 12
11306 4795 163
11612 10037 20
8014 10037 20
9293 1706 76
3102 3153 223
10302 3223 80
11533 9299 37
2968 8410 28
8332 7923 32
4799 8854 163
10171 7487 219
11166 4298 37
12222 13122 77
5271 4586 67
2481 11551 205
10497 4603 206
8350 4560 37
13044 67 37
2544 6202 79
9624 10519 1
735 9113 1
4310 102 141
3589 4307 141
9406 8854 163
7971 4298 37
1186 4298 37
4966 13122 152
5609 10836 206
11374 10187 37
3674 11792 210
3471 4298 37
11398 10940 232
5530 7876 206
7044 12024 236
6282 4298 37
3466 6423 149
12315 9498 13
1458 8854 163
13411 4598 117
12503 13538 28
703 11792 210
11297 4503 79
11656 12489 206
11815 4795 163
10245 4298 37
7706 8310 205
12830 10037 20
2314 11792 210
2892 14359 141
11697 4307 141
1322 8854 163
13762 11792 210
5107 6890 27
2791 4298 54
5208 4298 37
20 4298 37
8468 2238 65
7901 2238 65
12910 8049 80
8456 1166 28
4287 10037 20
9378 11403 37
9803 9522 169
326 5765 32
4265 3495 41
1517 4795 163
12142 7091 1
13327 11792 210
4225 11792 210
3841 8854 163
1625 1958 205
10626 7645 173
13052 10037 20
9487 5405 37
10159 13348 178
2077 6608 137
12895 4990 219
1242 7406 210
13818 13167 229
312 6366 32
13073 4795 163
7750 10037 20
2497 13122 77
6351 9431 67
2195 5745 171
674 2160 1
3585 4298 37
7371 10519 1
6059 1291 8
12834 11792 210
2093 13298 132
4200 4898 76
4664 10037 20
7840 10037 20
3676 4298 37
8732 8854 163
8663 5882 137
5143 488 37
8493 6423 149
13647 6924 228
7695 4298 37
13230 2738 203
536 11264 101
940 11403 37
14528 13122 152
12913 709 178
13291 13122 77
7100 10037 20
1646 9844 37
3317 11412 74
2162 6610 37
3776 7048 232
8059 8854 163
12058 4307 141
2865 14160 206
3427 11792 210
1390 8418 229
13509 7406 210
12684 9009 28
8899 4307 141
13997 11412 74
4390 7510 86
13894 4298 37
6394 4298 37
6860 11486 106
2942 13538 28
262 5882 80
3933 10534 160
8727 8854 163
7354 11792 210
9660 9470 67
8823 10037 20
4523 5882 80
3828 12125 80
14111 8854 163
91 6423 149
8101 10037 20
13609 11792 210
7123 581 175
13082 10037 20
5696 13122 77
1674 8854 163
11048 67 37
10739 3459 44
645 1958 205
14110 4298 3
12512 6423 149
2869 9576 196
11162 10037 20
5112 8854 163
13488 3734 196
7843 535 32
11667 11792 210
1524 4578 13
2347 2484 101
14434 1815 1
14493 11534 37
6361 3530 178
1485 4298 54
3762 10037 20
141 4298 159
11266 8805 37
6989 10037 20
7055 13583 45
10762 13122 61
7882 4625 67
375 6646 160
14037 6562 77
938 4298 37
7389 8854 163
4378 10037 20
14289 10037 20
4974 1186 206
10230 4298 37
10687 8265 50
825 3102 37
9226 5705 205
12494 10534 67
5911 11412 74
3989 3504 160
11321 2238 65
14115 6423 149
5535 13583 45
9700 4795 163
10047 11792 210
532 5291 206
108 6423 149
7087 12272 229
5776 7406 210
11195 829 172
11414 11514 8
3407 10037 20
10148 4298 37
10271 5809 160
10549 906 141
11110 4494 192
13717 1166 28
6283 13122 77
1481 5882 80
4569 10037 20
2294 13122 77
1059 9844 37
10751 4298 37
10648 4928 79
5439 8471 219
9258 13122 77
14496 10037 20
2902 11264 101
3130 10037 20
6066 4795 163
10940 8854 163
11177 11792 210
8164 12628 117
9215 13122 77
14294 10534 76
8339 10037 20
2639 9348 67
7918 8854 163
7206 11792 210
1440 13122 77
6766 10037 20
5437 4298 37
8010 829 172
9583 10037 20
11101 11792 210
13818 7923 32
9233 6423 149
7667 6423 149
1573 11792 210
9621 9844 37
47 11313 13
10196 8854 163
3570 2947 205
4331 829 172
10817 11792 210
6428 2238 65
355 12377 173
1147 4298 37
7714 10037 20
5957 4307 141
6952 3354 32
11460 829 172
6527 6530 8
5305 4298 37
12639 8854 163
7679 13583 26
12121 12125 80
5902 829 172
3245 5882 137
3386 4795 163
3865 10037 20
11067 4298 37
13308 11466 67
10651 10037 20
626 4298 37
10463 918 219
4777 6423 149
1878 4298 37
6405 4586 160
11634 8417 12
8602 829 172
10263 11875 160
2183 8379 205
3484 829 172
1346 8854 163
13173 4298 37
12709 9844 159
12912 11403 37
3559 3153 223
9126 1596 149
12518 6423 149
1288 13122 61
6918 10832 67
142 13122 77
142 10680 219
11072 6423 149
3415 11792 210
945 4795 163
7545 10058 178
13463 6914 16
10083 4586 160
8581 4298 37
9687 10187 37
9187 829 172
9032 10037 20
5177 12904 37
12333 14231 67
7006 4298 37
11651 3495 41
8772 7406 210
8783 10037 20
13068 6423 149
8958 1331 79
8309 13122 152
1559 488 37
7024 2577 37
578 1166 28
13488 13122 77
3980 4370 219
8514 9113 1
3429 10037 20
6275 3167 3
8790 12611 1
4029 6423 149
12923 829 172
1797 9461 47
1667 8049 16
11592 10037 20
6807 829 172
1232 13122 152
8005 13122 61
14228 213 28
9671 4298 37
10706 10037 20
1140 829 172
13863 2947 205
2753 10037 20
5359 11792 210
6769 3304 228
8952 11792 210
3291 12024 236
5829 8854 163
6532 11792 210
5413 6423 149
9701 9730 178
10676 2484 101
12235 6296 178
175 6142 117
3748 1958 205
2627 9698 67
9226 5828 79
3384 11792 210
8219 6893 196
13264 8070 141
2322 4298 37
6614 8464 13
2798 10037 20
8544 11792 210
497 4298 37
3371 11792 210
106 6924 228
13562 7406 210
1045 11403 37
158 4298 3
5131 8854 163
5801 906 141
1631 12024 236
9209 9209 161
6078 4298 37
9768 10037 20
7814 7406 210
4773 6423 149
2425 829 172
1484 6423 149
3790 4795 163
7253 11029 101
4270 4298 37
5949 8854 163
2891 11403 54
8306 2484 101
12455 11412 74
10704 4795 163
11560 4494 192
1998 4298 37
1597 11473 228
3111 11792 210
2498 6423 149
2844 8854 163
5972 1166 28
2129 1327 173
8557 612 173
1494 6423 149
8247 4795 163
6957 2946 80
559 8854 163
10163 2484 101
5156 4298 37
1428 9682 47
5429 8854 163
12527 1079 229
2879 4586 67
4806 13122 77
11826 2238 65
2642 11792 210
5649 829 172
7073 8732 203
4777 12684 219
14012 5882 80
7367 12904 37
8569 6423 149
5568 6423 149
4165 11792 210
14240 4298 37
1622 11792 210
8434 10910 189
9328 11785 228
3388 8854 163
11209 14356 61
13165 11644 37
4889 12407 77
4013 12169 169
3891 4586 67
3402 4586 160
14530 8805 37
11355 5429 229
14256 12355 28
4313 11792 210
4120 2160 1
12761 829 172
12459 13122 77
7957 4298 37
12136 6117 67
2181 8854 163
4070 11792 210
9357 8805 37
9306 67 37
8181 2484 101
12581 13122 77
9746 3504 79
11727 4795 163
4009 10534 79
14189 11792 210
3828 9844 37
2940 8854 163
2370 4586 67
7887 4298 37
1689 5174 228
2637 11403 37
12638 3734 196
11000 829 172
6752 5271 32
6053 6423 149
10536 8854 163
5291 8854 163
2431 11792 210
1186 8854 163
12519 8854 163
11526 2484 101
5706 6610 37
9054 4298 37
10513 13538 28
1971 8854 163
13135 4298 37
4057 10037 20
11808 13111 47
4981 9461 47
11134 10037 20
10062 829 172
6294 11403 37
3485 10037 20
4166 4298 37
1359 13122 61
7389 7406 210
9257 11792 210
3642 3862 161
4974 10519 1
1061 9044 79
3882 4298 37
6856 829 172
8938 8854 163
9486 10680 219
2335 13122 77
7441 8805 37
6614 14447 12
13785 722 175
5535 11792 210
1006 4298 37
5776 10187 37
4344 10655 50
12212 12024 236
11110 3753 50
2662 2238 65
2959 9844 37
10208 1539 173
13235 9841 80
143 11792 210
5527 829 172
7648 9009 28
2429 2484 101
3378 10037 20
2412 2400 1
8134 4928 67
2907 4298 37
1904 8854 163
7927 5882 137
8747 13122 77
4292 8854 163
5082 3222 175
10774 6423 149
3872 5882 137
1581 6792 50
6976 4298 54
1775 6722 76
10137 12084 79
1571 9009 28
4673 7487 206
6790 2790 178
189 10037 20
3833 3833 47
13035 13122 61
3824 4492 67
3560 11792 210
5191 10037 20
6527 13122 61
12904 906 141
3138 2947 205
3245 4298 54
10810 8854 163
7528 13111 34
12527 1445 27
4031 10622 32
8506 14359 141
3665 11792 210
1408 13122 152
7555 8854 163
3795 12154 206
3149 13122 152
7755 8854 163
11946 11792 210
1346 5882 80
11827 10037 20
1431 3635 1
7465 6423 149
6360 7485 173
638 13111 47
8694 8854 163
11800 3734 196
13285 11403 37
14502 9113 1
62 6558 67
1696 8854 163
1206 4795 163
8695 13538 28
13707 10935 67
5574 13570 32
8647 11792 210
11828 8854 163
7355 13122 77
2575 6423 149
2026 5395 219
6873 11412 74
308 3734 196
5985 8854 163
8226 14334 175
7611 8425 1
14151 4298 37
3217 13583 45
12430 10037 20
11145 6319 1
4613 7406 210
9500 4795 163
3826 8186 28
8876 1958 205
5083 2947 205
3980 9576 196
5268 7406 210
5024 9576 196
13130 8805 37
8366 13990 229
3896 4370 219
11044 5882 80
1807 13122 152
10452 13122 77
4341 4795 163
6624 9504 160
11463 13122 152
3118 11792 210
2465 6423 149
10187 3153 223
11445 1166 28
11437 8854 163
12310 10037 20
7272 9009 28
9847 7406 210
1003 11029 101
6120 13122 77
575 11413 160
4527 13538 28
10360 3223 80
7547 4298 37
7358 4795 163
17 8854 163
5517 3457 27
5911 8854 163
4172 11792 210
2139 4298 37
